Distance in bp(Fragment Length Estimate: 75)(Peak Width Estimate: 75)	Same Strand (+ for Watson strand, - for Crick)	Opposite Strand
-2000	133225.0	62746.0
-1999	131640.0	63563.0
-1998	131538.0	63062.0
-1997	133987.0	62790.0
-1996	133302.0	63029.0
-1995	133515.0	63180.0
-1994	132665.0	62771.0
-1993	132386.0	63584.0
-1992	133704.0	62942.0
-1991	132437.0	62581.0
-1990	133431.0	63294.0
-1989	133963.0	62627.0
-1988	134326.0	62082.0
-1987	132938.0	62029.0
-1986	132904.0	62319.0
-1985	133215.0	63215.0
-1984	133949.0	62222.0
-1983	134614.0	63193.0
-1982	133299.0	62435.0
-1981	135352.0	62062.0
-1980	134838.0	62442.0
-1979	135274.0	63128.0
-1978	133365.0	62321.0
-1977	134354.0	62777.0
-1976	135504.0	63182.0
-1975	134311.0	62307.0
-1974	135142.0	63848.0
-1973	134957.0	63599.0
-1972	134304.0	62161.0
-1971	133610.0	61776.0
-1970	135369.0	61885.0
-1969	134517.0	62194.0
-1968	134325.0	62373.0
-1967	135912.0	62349.0
-1966	135956.0	62791.0
-1965	134397.0	62847.0
-1964	133409.0	62886.0
-1963	134800.0	62994.0
-1962	136346.0	63201.0
-1961	135456.0	63620.0
-1960	136209.0	63051.0
-1959	135613.0	63048.0
-1958	134820.0	64052.0
-1957	133965.0	64381.0
-1956	136167.0	63574.0
-1955	134716.0	64565.0
-1954	134504.0	63339.0
-1953	134606.0	61854.0
-1952	134874.0	62082.0
-1951	134892.0	61977.0
-1950	134656.0	63425.0
-1949	135200.0	63630.0
-1948	134619.0	62810.0
-1947	134743.0	62803.0
-1946	134742.0	64844.0
-1945	135273.0	63530.0
-1944	133601.0	63503.0
-1943	135708.0	63943.0
-1942	135246.0	62559.0
-1941	135201.0	62548.0
-1940	134739.0	62907.0
-1939	134863.0	63570.0
-1938	135467.0	62622.0
-1937	135514.0	62568.0
-1936	135706.0	64527.0
-1935	135216.0	63857.0
-1934	135637.0	63108.0
-1933	136459.0	63167.0
-1932	136773.0	62933.0
-1931	136135.0	62743.0
-1930	136150.0	62644.0
-1929	136307.0	61832.0
-1928	137301.0	62109.0
-1927	136335.0	62353.0
-1926	136923.0	62307.0
-1925	135311.0	62975.0
-1924	135607.0	61460.0
-1923	137199.0	61469.0
-1922	136641.0	61639.0
-1921	136779.0	61323.0
-1920	136040.0	61530.0
-1919	137068.0	62669.0
-1918	135478.0	63653.0
-1917	134309.0	63417.0
-1916	136206.0	63206.0
-1915	134708.0	63025.0
-1914	136209.0	61819.0
-1913	135071.0	62943.0
-1912	133816.0	63562.0
-1911	135167.0	63626.0
-1910	136271.0	62231.0
-1909	135457.0	61847.0
-1908	134401.0	62148.0
-1907	136379.0	63238.0
-1906	136344.0	63145.0
-1905	135352.0	61956.0
-1904	137354.0	63608.0
-1903	134902.0	62843.0
-1902	135772.0	62927.0
-1901	136950.0	63487.0
-1900	135624.0	63694.0
-1899	135629.0	63360.0
-1898	137438.0	64407.0
-1897	136975.0	63314.0
-1896	135993.0	63016.0
-1895	137333.0	63473.0
-1894	135898.0	64610.0
-1893	139636.0	63822.0
-1892	137008.0	63918.0
-1891	136179.0	63387.0
-1890	137679.0	63785.0
-1889	136568.0	64129.0
-1888	136246.0	63309.0
-1887	137316.0	64182.0
-1886	136273.0	64110.0
-1885	136155.0	63170.0
-1884	135431.0	63340.0
-1883	137220.0	64042.0
-1882	135477.0	64308.0
-1881	137409.0	64685.0
-1880	135858.0	64407.0
-1879	137046.0	65689.0
-1878	137076.0	63817.0
-1877	137274.0	64538.0
-1876	134972.0	64703.0
-1875	137522.0	65068.0
-1874	137689.0	65053.0
-1873	136893.0	65236.0
-1872	135642.0	63993.0
-1871	135833.0	64542.0
-1870	137120.0	64741.0
-1869	138002.0	64788.0
-1868	136306.0	65259.0
-1867	137809.0	64647.0
-1866	137396.0	63813.0
-1865	137432.0	63878.0
-1864	136636.0	63719.0
-1863	137355.0	62423.0
-1862	137926.0	65489.0
-1861	137544.0	64161.0
-1860	136994.0	63390.0
-1859	136974.0	65101.0
-1858	137299.0	64603.0
-1857	138769.0	64712.0
-1856	137128.0	64397.0
-1855	139510.0	65511.0
-1854	137342.0	65367.0
-1853	138021.0	64226.0
-1852	138149.0	64973.0
-1851	138776.0	64015.0
-1850	139282.0	65256.0
-1849	136263.0	65261.0
-1848	137566.0	64495.0
-1847	137134.0	64037.0
-1846	138818.0	64727.0
-1845	138541.0	65828.0
-1844	137031.0	66104.0
-1843	138537.0	66753.0
-1842	136763.0	65145.0
-1841	138364.0	65537.0
-1840	137513.0	64921.0
-1839	138851.0	65799.0
-1838	138651.0	65613.0
-1837	138695.0	64709.0
-1836	138699.0	64621.0
-1835	140801.0	65902.0
-1834	139793.0	66371.0
-1833	139813.0	65438.0
-1832	139186.0	65496.0
-1831	140743.0	66725.0
-1830	140040.0	64968.0
-1829	137139.0	65181.0
-1828	138279.0	65561.0
-1827	138593.0	64079.0
-1826	138741.0	65018.0
-1825	139277.0	65635.0
-1824	139196.0	66297.0
-1823	139621.0	66286.0
-1822	139085.0	64546.0
-1821	140420.0	64395.0
-1820	139682.0	65751.0
-1819	140028.0	65179.0
-1818	140024.0	63811.0
-1817	140549.0	64130.0
-1816	139468.0	65630.0
-1815	141152.0	64220.0
-1814	141897.0	65520.0
-1813	138952.0	64358.0
-1812	140931.0	65127.0
-1811	142185.0	65138.0
-1810	140733.0	64575.0
-1809	140593.0	64512.0
-1808	141035.0	64777.0
-1807	140486.0	64770.0
-1806	142545.0	65657.0
-1805	138922.0	64384.0
-1804	138832.0	63509.0
-1803	140583.0	64072.0
-1802	138457.0	65029.0
-1801	138538.0	63821.0
-1800	137859.0	63732.0
-1799	138505.0	63615.0
-1798	139539.0	63133.0
-1797	138735.0	63898.0
-1796	138236.0	63246.0
-1795	137679.0	64980.0
-1794	138796.0	62988.0
-1793	139555.0	64003.0
-1792	139230.0	63182.0
-1791	139327.0	62750.0
-1790	138962.0	63435.0
-1789	138832.0	63847.0
-1788	138765.0	64223.0
-1787	139827.0	64109.0
-1786	139415.0	63212.0
-1785	142041.0	63935.0
-1784	139500.0	63423.0
-1783	140739.0	64866.0
-1782	141574.0	62329.0
-1781	142171.0	64378.0
-1780	140935.0	63755.0
-1779	141608.0	64725.0
-1778	140551.0	63593.0
-1777	141836.0	63940.0
-1776	139965.0	63277.0
-1775	141208.0	63330.0
-1774	142602.0	63340.0
-1773	141293.0	62674.0
-1772	141884.0	63557.0
-1771	139473.0	62545.0
-1770	140875.0	63402.0
-1769	141360.0	63566.0
-1768	140564.0	63677.0
-1767	141921.0	62412.0
-1766	140373.0	62935.0
-1765	138896.0	63371.0
-1764	142369.0	62459.0
-1763	142049.0	63361.0
-1762	140789.0	62813.0
-1761	142205.0	62908.0
-1760	140354.0	62796.0
-1759	142820.0	62310.0
-1758	142241.0	62550.0
-1757	142147.0	63312.0
-1756	140568.0	61005.0
-1755	142205.0	62178.0
-1754	141848.0	62820.0
-1753	140841.0	62431.0
-1752	142317.0	62403.0
-1751	141901.0	63419.0
-1750	142156.0	62295.0
-1749	143239.0	62615.0
-1748	140555.0	61772.0
-1747	141871.0	62792.0
-1746	142864.0	62375.0
-1745	141745.0	62933.0
-1744	140218.0	61973.0
-1743	142242.0	61954.0
-1742	141711.0	61587.0
-1741	140544.0	61265.0
-1740	141231.0	62218.0
-1739	143546.0	62435.0
-1738	141269.0	62245.0
-1737	141073.0	60351.0
-1736	144216.0	61248.0
-1735	141585.0	61800.0
-1734	144503.0	60943.0
-1733	145323.0	62230.0
-1732	142462.0	62301.0
-1731	143893.0	60588.0
-1730	142935.0	62724.0
-1729	142608.0	60924.0
-1728	143441.0	61757.0
-1727	143482.0	63179.0
-1726	141924.0	61581.0
-1725	142324.0	63116.0
-1724	141489.0	64019.0
-1723	142127.0	62418.0
-1722	143027.0	62220.0
-1721	143430.0	63517.0
-1720	141035.0	61993.0
-1719	142825.0	62923.0
-1718	141624.0	63455.0
-1717	142244.0	63476.0
-1716	143150.0	62406.0
-1715	142376.0	62705.0
-1714	142512.0	63135.0
-1713	143056.0	62354.0
-1712	141870.0	62975.0
-1711	143852.0	63291.0
-1710	143072.0	63173.0
-1709	143192.0	63717.0
-1708	142348.0	63277.0
-1707	144022.0	63438.0
-1706	142470.0	62762.0
-1705	141966.0	63205.0
-1704	142448.0	63066.0
-1703	141541.0	63194.0
-1702	143034.0	62707.0
-1701	141716.0	63824.0
-1700	142184.0	63260.0
-1699	141355.0	64060.0
-1698	144437.0	63191.0
-1697	143366.0	63537.0
-1696	142976.0	63403.0
-1695	143411.0	62746.0
-1694	142672.0	63357.0
-1693	142417.0	63647.0
-1692	143947.0	63871.0
-1691	143607.0	64338.0
-1690	142545.0	63587.0
-1689	144322.0	64320.0
-1688	142367.0	63346.0
-1687	143288.0	63494.0
-1686	143708.0	63523.0
-1685	142861.0	64147.0
-1684	142456.0	63609.0
-1683	141856.0	63970.0
-1682	143709.0	64319.0
-1681	143048.0	63673.0
-1680	142834.0	63854.0
-1679	142040.0	64050.0
-1678	142584.0	63392.0
-1677	143733.0	63591.0
-1676	144459.0	63073.0
-1675	141313.0	63902.0
-1674	142311.0	63181.0
-1673	144969.0	63371.0
-1672	142786.0	64030.0
-1671	142142.0	62701.0
-1670	142985.0	62681.0
-1669	142657.0	63911.0
-1668	141120.0	63203.0
-1667	142616.0	62691.0
-1666	142781.0	63252.0
-1665	144219.0	63232.0
-1664	143382.0	63183.0
-1663	143658.0	62686.0
-1662	144407.0	64437.0
-1661	143964.0	65171.0
-1660	143527.0	64434.0
-1659	143382.0	63646.0
-1658	143225.0	64236.0
-1657	142236.0	63606.0
-1656	142892.0	63685.0
-1655	145033.0	62383.0
-1654	142071.0	63357.0
-1653	144765.0	63229.0
-1652	141575.0	64192.0
-1651	143498.0	63513.0
-1650	144260.0	64633.0
-1649	143600.0	62957.0
-1648	141788.0	63444.0
-1647	143641.0	62570.0
-1646	144994.0	63893.0
-1645	144337.0	63171.0
-1644	144807.0	62905.0
-1643	144390.0	63303.0
-1642	142268.0	61748.0
-1641	143257.0	62469.0
-1640	143424.0	61947.0
-1639	142697.0	63322.0
-1638	144306.0	63142.0
-1637	142037.0	63181.0
-1636	141720.0	62509.0
-1635	141889.0	62458.0
-1634	142502.0	63058.0
-1633	143121.0	63337.0
-1632	144677.0	63344.0
-1631	142357.0	62367.0
-1630	142669.0	62583.0
-1629	143319.0	62750.0
-1628	141397.0	63569.0
-1627	142521.0	61726.0
-1626	144235.0	62402.0
-1625	144133.0	62677.0
-1624	143382.0	62140.0
-1623	143271.0	62726.0
-1622	144000.0	62512.0
-1621	143601.0	62778.0
-1620	142142.0	61373.0
-1619	141409.0	62762.0
-1618	142556.0	62418.0
-1617	143517.0	61563.0
-1616	142747.0	62438.0
-1615	141578.0	61885.0
-1614	144981.0	61264.0
-1613	143620.0	62457.0
-1612	142309.0	61513.0
-1611	143848.0	61787.0
-1610	143887.0	62470.0
-1609	143208.0	61213.0
-1608	144057.0	61216.0
-1607	144163.0	61360.0
-1606	142959.0	62325.0
-1605	143797.0	61945.0
-1604	144145.0	61707.0
-1603	144070.0	60800.0
-1602	142676.0	61525.0
-1601	141563.0	61068.0
-1600	144258.0	60924.0
-1599	143801.0	60256.0
-1598	143576.0	61599.0
-1597	143584.0	61610.0
-1596	143524.0	61187.0
-1595	143106.0	61499.0
-1594	142282.0	61815.0
-1593	142984.0	61132.0
-1592	144582.0	62465.0
-1591	143271.0	61779.0
-1590	142427.0	61293.0
-1589	142693.0	62397.0
-1588	142722.0	61839.0
-1587	143979.0	62119.0
-1586	143151.0	63586.0
-1585	142176.0	61036.0
-1584	142181.0	61462.0
-1583	144076.0	61841.0
-1582	142269.0	61382.0
-1581	143168.0	61371.0
-1580	141373.0	61499.0
-1579	143825.0	61522.0
-1578	143966.0	60762.0
-1577	142052.0	62225.0
-1576	145242.0	61731.0
-1575	143944.0	61912.0
-1574	143103.0	62787.0
-1573	142336.0	61238.0
-1572	142830.0	60374.0
-1571	141808.0	62306.0
-1570	144223.0	61937.0
-1569	145812.0	60885.0
-1568	143966.0	61450.0
-1567	144644.0	62895.0
-1566	146469.0	61638.0
-1565	147422.0	62738.0
-1564	144717.0	62500.0
-1563	144993.0	62091.0
-1562	144706.0	61407.0
-1561	144777.0	62173.0
-1560	145406.0	61130.0
-1559	145292.0	61929.0
-1558	144946.0	61921.0
-1557	145333.0	61772.0
-1556	143691.0	61933.0
-1555	148041.0	61824.0
-1554	147207.0	60781.0
-1553	144629.0	61945.0
-1552	145648.0	62089.0
-1551	144577.0	60674.0
-1550	146712.0	61562.0
-1549	145375.0	62077.0
-1548	146855.0	61712.0
-1547	147326.0	62192.0
-1546	145877.0	61645.0
-1545	148369.0	61323.0
-1544	146844.0	62165.0
-1543	145240.0	61324.0
-1542	149077.0	61630.0
-1541	145881.0	61768.0
-1540	146129.0	61021.0
-1539	145839.0	62084.0
-1538	146445.0	62324.0
-1537	148385.0	61806.0
-1536	148731.0	61132.0
-1535	147786.0	61435.0
-1534	147502.0	62395.0
-1533	149716.0	61496.0
-1532	147951.0	60451.0
-1531	146153.0	62118.0
-1530	148920.0	61052.0
-1529	149426.0	60768.0
-1528	147929.0	61505.0
-1527	148422.0	62392.0
-1526	148006.0	61556.0
-1525	149847.0	60731.0
-1524	147336.0	61139.0
-1523	148318.0	60925.0
-1522	148301.0	61453.0
-1521	148089.0	60642.0
-1520	147846.0	60844.0
-1519	148144.0	60558.0
-1518	148733.0	59536.0
-1517	149292.0	60401.0
-1516	148824.0	60910.0
-1515	148721.0	61560.0
-1514	148538.0	61444.0
-1513	148644.0	60415.0
-1512	149406.0	60798.0
-1511	148159.0	60986.0
-1510	150604.0	60259.0
-1509	148825.0	60864.0
-1508	149959.0	60704.0
-1507	148711.0	60764.0
-1506	149692.0	61111.0
-1505	147750.0	60231.0
-1504	149178.0	59776.0
-1503	149036.0	60296.0
-1502	149384.0	60400.0
-1501	150019.0	59832.0
-1500	150076.0	60002.0
-1499	149159.0	60313.0
-1498	150754.0	60682.0
-1497	149085.0	60812.0
-1496	148743.0	61046.0
-1495	150332.0	60126.0
-1494	152558.0	61758.0
-1493	152540.0	60565.0
-1492	151136.0	61093.0
-1491	150702.0	60389.0
-1490	149584.0	61533.0
-1489	150823.0	61657.0
-1488	148801.0	61186.0
-1487	151791.0	61033.0
-1486	151075.0	60976.0
-1485	151728.0	61588.0
-1484	150175.0	61527.0
-1483	149484.0	62035.0
-1482	151648.0	61852.0
-1481	152217.0	61281.0
-1480	151809.0	60755.0
-1479	151506.0	61694.0
-1478	152257.0	61613.0
-1477	150527.0	60672.0
-1476	151779.0	61247.0
-1475	152605.0	62131.0
-1474	150495.0	61342.0
-1473	150989.0	61410.0
-1472	152401.0	61212.0
-1471	151958.0	59526.0
-1470	153044.0	61198.0
-1469	152583.0	59801.0
-1468	152270.0	61031.0
-1467	151775.0	60505.0
-1466	153196.0	60418.0
-1465	152215.0	60815.0
-1464	151850.0	61236.0
-1463	152635.0	59783.0
-1462	153124.0	61443.0
-1461	153404.0	60533.0
-1460	149644.0	60280.0
-1459	152681.0	60019.0
-1458	152065.0	60290.0
-1457	151808.0	61124.0
-1456	152110.0	60623.0
-1455	153968.0	60032.0
-1454	152959.0	60649.0
-1453	152465.0	62048.0
-1452	152400.0	60815.0
-1451	152898.0	62449.0
-1450	153538.0	61834.0
-1449	152113.0	60551.0
-1448	151887.0	61034.0
-1447	155363.0	61453.0
-1446	153165.0	60374.0
-1445	151846.0	60757.0
-1444	152237.0	61869.0
-1443	153406.0	61425.0
-1442	151400.0	61909.0
-1441	153240.0	60335.0
-1440	151773.0	61308.0
-1439	151366.0	61058.0
-1438	152431.0	61991.0
-1437	151710.0	60754.0
-1436	152170.0	61907.0
-1435	149828.0	60938.0
-1434	150671.0	61271.0
-1433	150863.0	61003.0
-1432	150100.0	60808.0
-1431	152068.0	60105.0
-1430	151985.0	60752.0
-1429	151099.0	60956.0
-1428	151956.0	60557.0
-1427	151735.0	61917.0
-1426	151354.0	60723.0
-1425	152753.0	61916.0
-1424	151559.0	61926.0
-1423	150897.0	60797.0
-1422	152201.0	60947.0
-1421	151564.0	61616.0
-1420	150453.0	61381.0
-1419	151864.0	60860.0
-1418	151128.0	61872.0
-1417	150050.0	61319.0
-1416	150439.0	62352.0
-1415	151560.0	62151.0
-1414	150190.0	61365.0
-1413	150336.0	60694.0
-1412	150586.0	60520.0
-1411	147851.0	62070.0
-1410	151596.0	61280.0
-1409	151140.0	61198.0
-1408	149330.0	61249.0
-1407	149662.0	61400.0
-1406	151094.0	61090.0
-1405	148612.0	61567.0
-1404	151228.0	61729.0
-1403	149490.0	61166.0
-1402	150319.0	61084.0
-1401	150882.0	60574.0
-1400	152219.0	61387.0
-1399	150938.0	60095.0
-1398	152320.0	61464.0
-1397	150705.0	61559.0
-1396	151371.0	60990.0
-1395	151248.0	61018.0
-1394	151778.0	61249.0
-1393	149151.0	60967.0
-1392	151425.0	61856.0
-1391	150485.0	61472.0
-1390	150315.0	61694.0
-1389	152211.0	61376.0
-1388	150474.0	61433.0
-1387	152106.0	62316.0
-1386	151676.0	63027.0
-1385	151104.0	61768.0
-1384	151184.0	63248.0
-1383	150495.0	62358.0
-1382	151545.0	62181.0
-1381	150614.0	62349.0
-1380	149739.0	61007.0
-1379	151739.0	61682.0
-1378	151431.0	62176.0
-1377	153774.0	61676.0
-1376	152201.0	61592.0
-1375	151732.0	61691.0
-1374	151722.0	61419.0
-1373	153057.0	62833.0
-1372	151829.0	62457.0
-1371	152711.0	61706.0
-1370	151886.0	61889.0
-1369	152772.0	63123.0
-1368	152953.0	61290.0
-1367	152181.0	61451.0
-1366	153392.0	60671.0
-1365	153339.0	60770.0
-1364	153562.0	60993.0
-1363	152538.0	60739.0
-1362	152512.0	60538.0
-1361	152989.0	60679.0
-1360	151127.0	61916.0
-1359	152719.0	61771.0
-1358	153406.0	60999.0
-1357	153190.0	62120.0
-1356	153982.0	61150.0
-1355	152112.0	60725.0
-1354	152290.0	60403.0
-1353	151443.0	61018.0
-1352	153414.0	60689.0
-1351	153730.0	60998.0
-1350	153542.0	59828.0
-1349	152396.0	60690.0
-1348	152752.0	59720.0
-1347	153164.0	60854.0
-1346	152546.0	60047.0
-1345	154092.0	60285.0
-1344	153516.0	60443.0
-1343	152288.0	59937.0
-1342	150633.0	59626.0
-1341	151681.0	60069.0
-1340	150806.0	59427.0
-1339	149903.0	59698.0
-1338	152407.0	58952.0
-1337	152355.0	60049.0
-1336	151158.0	60353.0
-1335	151236.0	60457.0
-1334	152163.0	61197.0
-1333	153449.0	59921.0
-1332	152390.0	60068.0
-1331	152063.0	60475.0
-1330	150967.0	60221.0
-1329	153694.0	60466.0
-1328	151846.0	59928.0
-1327	152864.0	59455.0
-1326	153100.0	59766.0
-1325	152280.0	59592.0
-1324	150496.0	60463.0
-1323	152360.0	60840.0
-1322	151774.0	60195.0
-1321	151333.0	59481.0
-1320	151050.0	61254.0
-1319	151942.0	59633.0
-1318	151885.0	61013.0
-1317	152753.0	60167.0
-1316	151135.0	60440.0
-1315	151659.0	58969.0
-1314	153356.0	59753.0
-1313	152546.0	60742.0
-1312	152638.0	60109.0
-1311	153016.0	59674.0
-1310	153610.0	59820.0
-1309	152088.0	59013.0
-1308	154927.0	58826.0
-1307	153368.0	59725.0
-1306	152297.0	59493.0
-1305	154804.0	59703.0
-1304	154324.0	60904.0
-1303	150983.0	59327.0
-1302	153774.0	60210.0
-1301	154442.0	60783.0
-1300	153067.0	59512.0
-1299	155291.0	60908.0
-1298	155134.0	60302.0
-1297	155039.0	60209.0
-1296	156024.0	60042.0
-1295	153545.0	61057.0
-1294	154237.0	60142.0
-1293	155261.0	59649.0
-1292	155813.0	58979.0
-1291	153403.0	60520.0
-1290	154024.0	60002.0
-1289	154607.0	59546.0
-1288	154191.0	60230.0
-1287	155816.0	59843.0
-1286	154421.0	60279.0
-1285	153019.0	58909.0
-1284	154860.0	58769.0
-1283	154287.0	59567.0
-1282	154090.0	60092.0
-1281	155675.0	59198.0
-1280	155284.0	59550.0
-1279	155738.0	60676.0
-1278	156673.0	59214.0
-1277	153864.0	59021.0
-1276	153745.0	59386.0
-1275	154917.0	58922.0
-1274	156185.0	59034.0
-1273	153265.0	60215.0
-1272	154370.0	58207.0
-1271	153705.0	59119.0
-1270	154670.0	59886.0
-1269	153806.0	59225.0
-1268	154778.0	59627.0
-1267	152564.0	59177.0
-1266	153676.0	60047.0
-1265	155236.0	59386.0
-1264	153038.0	58802.0
-1263	155421.0	58353.0
-1262	155678.0	58739.0
-1261	153519.0	59097.0
-1260	154875.0	57608.0
-1259	155323.0	58912.0
-1258	154357.0	58664.0
-1257	155522.0	57923.0
-1256	154936.0	58196.0
-1255	155245.0	58046.0
-1254	154296.0	58732.0
-1253	156586.0	58500.0
-1252	155410.0	59243.0
-1251	157887.0	59534.0
-1250	156111.0	57629.0
-1249	155223.0	58325.0
-1248	157392.0	58532.0
-1247	156955.0	58292.0
-1246	154751.0	58831.0
-1245	155046.0	57525.0
-1244	153704.0	57718.0
-1243	154168.0	58007.0
-1242	154301.0	57924.0
-1241	154862.0	57655.0
-1240	154268.0	57544.0
-1239	156969.0	58226.0
-1238	153136.0	57962.0
-1237	155156.0	57098.0
-1236	155852.0	58149.0
-1235	154106.0	57884.0
-1234	155594.0	57594.0
-1233	155566.0	57058.0
-1232	155070.0	57709.0
-1231	153969.0	58124.0
-1230	154824.0	57638.0
-1229	154724.0	58142.0
-1228	155573.0	57841.0
-1227	155895.0	58097.0
-1226	156913.0	58285.0
-1225	156429.0	57425.0
-1224	157014.0	58547.0
-1223	156540.0	59110.0
-1222	156708.0	58827.0
-1221	157024.0	58713.0
-1220	157239.0	58820.0
-1219	156898.0	58538.0
-1218	158215.0	57866.0
-1217	157726.0	58607.0
-1216	156928.0	58353.0
-1215	158242.0	57866.0
-1214	156044.0	58573.0
-1213	157280.0	58541.0
-1212	156874.0	58133.0
-1211	156716.0	58519.0
-1210	155933.0	58911.0
-1209	156135.0	57570.0
-1208	156763.0	59395.0
-1207	155559.0	58577.0
-1206	155168.0	59357.0
-1205	156519.0	58828.0
-1204	156786.0	58910.0
-1203	155855.0	58462.0
-1202	155157.0	58878.0
-1201	156361.0	57584.0
-1200	157668.0	58306.0
-1199	157109.0	57745.0
-1198	154897.0	59052.0
-1197	158050.0	58401.0
-1196	157269.0	59063.0
-1195	155950.0	59932.0
-1194	156647.0	59860.0
-1193	155503.0	58192.0
-1192	156077.0	58536.0
-1191	156542.0	58533.0
-1190	155718.0	58193.0
-1189	156317.0	58286.0
-1188	156306.0	58266.0
-1187	156083.0	58441.0
-1186	155773.0	58847.0
-1185	158842.0	57895.0
-1184	156929.0	57568.0
-1183	158290.0	58655.0
-1182	158308.0	57563.0
-1181	156962.0	58298.0
-1180	155349.0	57342.0
-1179	157060.0	57639.0
-1178	156401.0	58083.0
-1177	157664.0	56394.0
-1176	156986.0	57707.0
-1175	155785.0	57378.0
-1174	156760.0	56733.0
-1173	157319.0	58290.0
-1172	156635.0	57018.0
-1171	157319.0	58384.0
-1170	156321.0	56902.0
-1169	155975.0	58305.0
-1168	156395.0	57443.0
-1167	158005.0	56837.0
-1166	158145.0	56755.0
-1165	157580.0	56717.0
-1164	157663.0	57946.0
-1163	160570.0	57683.0
-1162	158246.0	57884.0
-1161	157464.0	58348.0
-1160	157521.0	57840.0
-1159	159104.0	57085.0
-1158	159808.0	57663.0
-1157	158894.0	57097.0
-1156	158768.0	58131.0
-1155	160004.0	56194.0
-1154	158289.0	57682.0
-1153	158734.0	57474.0
-1152	161742.0	56472.0
-1151	158305.0	58430.0
-1150	157557.0	58743.0
-1149	159614.0	57908.0
-1148	160650.0	57709.0
-1147	159391.0	58884.0
-1146	160892.0	57775.0
-1145	161485.0	58473.0
-1144	157776.0	59001.0
-1143	161146.0	59466.0
-1142	159366.0	57500.0
-1141	160568.0	58077.0
-1140	159541.0	57139.0
-1139	161053.0	58490.0
-1138	160059.0	58483.0
-1137	160687.0	57157.0
-1136	158977.0	58280.0
-1135	159826.0	57622.0
-1134	160661.0	57514.0
-1133	160936.0	58242.0
-1132	159288.0	58581.0
-1131	159879.0	57648.0
-1130	159876.0	57195.0
-1129	161135.0	58138.0
-1128	160937.0	57270.0
-1127	160215.0	57355.0
-1126	158446.0	57664.0
-1125	160141.0	58005.0
-1124	159626.0	57818.0
-1123	159815.0	58174.0
-1122	161376.0	57021.0
-1121	159447.0	57387.0
-1120	159194.0	57403.0
-1119	162746.0	57081.0
-1118	162502.0	57553.0
-1117	160384.0	57277.0
-1116	162459.0	57168.0
-1115	161972.0	57949.0
-1114	160482.0	56973.0
-1113	163220.0	56837.0
-1112	160296.0	56360.0
-1111	160629.0	57161.0
-1110	163078.0	57465.0
-1109	161962.0	58189.0
-1108	159911.0	57429.0
-1107	161006.0	56026.0
-1106	162483.0	56740.0
-1105	162023.0	57913.0
-1104	161816.0	57330.0
-1103	160576.0	58164.0
-1102	161022.0	58503.0
-1101	163099.0	57230.0
-1100	161510.0	58285.0
-1099	161064.0	58881.0
-1098	161879.0	57850.0
-1097	160558.0	57526.0
-1096	161018.0	59171.0
-1095	162016.0	58448.0
-1094	163406.0	57912.0
-1093	161690.0	60048.0
-1092	163991.0	59123.0
-1091	162332.0	58981.0
-1090	162319.0	59901.0
-1089	163954.0	59876.0
-1088	165041.0	59169.0
-1087	160427.0	59516.0
-1086	162503.0	58877.0
-1085	160605.0	60789.0
-1084	162878.0	60896.0
-1083	163301.0	59914.0
-1082	163919.0	60614.0
-1081	163678.0	61082.0
-1080	163980.0	61339.0
-1079	162144.0	60839.0
-1078	161649.0	61457.0
-1077	164821.0	60813.0
-1076	162947.0	60774.0
-1075	162106.0	61086.0
-1074	163296.0	60436.0
-1073	163063.0	59908.0
-1072	162107.0	60802.0
-1071	164714.0	60888.0
-1070	161813.0	60518.0
-1069	164297.0	60108.0
-1068	164465.0	60437.0
-1067	163097.0	59065.0
-1066	162426.0	59654.0
-1065	164642.0	59570.0
-1064	164148.0	59581.0
-1063	162194.0	60782.0
-1062	164726.0	60488.0
-1061	163520.0	59860.0
-1060	161588.0	59997.0
-1059	162976.0	61158.0
-1058	162124.0	60032.0
-1057	162729.0	60148.0
-1056	163773.0	60259.0
-1055	164189.0	59786.0
-1054	165001.0	60616.0
-1053	166962.0	60644.0
-1052	165450.0	61483.0
-1051	163448.0	60573.0
-1050	165692.0	60884.0
-1049	164188.0	60300.0
-1048	163701.0	61401.0
-1047	166515.0	61032.0
-1046	163370.0	59375.0
-1045	162435.0	59320.0
-1044	165743.0	59680.0
-1043	165872.0	60523.0
-1042	165524.0	59453.0
-1041	167431.0	60580.0
-1040	165828.0	59760.0
-1039	165796.0	59664.0
-1038	167356.0	59526.0
-1037	166201.0	58971.0
-1036	164818.0	59300.0
-1035	164321.0	59779.0
-1034	165619.0	59608.0
-1033	163970.0	59531.0
-1032	166157.0	60202.0
-1031	165001.0	59805.0
-1030	165536.0	59797.0
-1029	166468.0	60241.0
-1028	164860.0	60841.0
-1027	166139.0	59771.0
-1026	165685.0	59817.0
-1025	165635.0	61011.0
-1024	165847.0	59556.0
-1023	167342.0	59198.0
-1022	166036.0	60030.0
-1021	165469.0	60656.0
-1020	166148.0	59750.0
-1019	166981.0	60735.0
-1018	167558.0	60414.0
-1017	164948.0	60108.0
-1016	167737.0	59770.0
-1015	164109.0	59829.0
-1014	169890.0	59874.0
-1013	166645.0	59777.0
-1012	164395.0	60865.0
-1011	167080.0	59252.0
-1010	166730.0	59234.0
-1009	165633.0	60240.0
-1008	167974.0	60271.0
-1007	166808.0	59886.0
-1006	165745.0	59942.0
-1005	167223.0	60156.0
-1004	166870.0	60459.0
-1003	167775.0	60102.0
-1002	166942.0	60022.0
-1001	168242.0	59360.0
-1000	164976.0	60323.0
-999	168853.0	59636.0
-998	165677.0	59280.0
-997	167235.0	60747.0
-996	168632.0	59315.0
-995	166191.0	60391.0
-994	168430.0	60242.0
-993	170287.0	59452.0
-992	169315.0	59987.0
-991	168289.0	59164.0
-990	169009.0	59192.0
-989	168314.0	59232.0
-988	168120.0	58658.0
-987	169230.0	59073.0
-986	169059.0	60049.0
-985	169504.0	59009.0
-984	170300.0	59067.0
-983	168441.0	59604.0
-982	170209.0	60129.0
-981	168406.0	59477.0
-980	167269.0	60276.0
-979	168119.0	59913.0
-978	168988.0	58844.0
-977	167634.0	59898.0
-976	167783.0	59990.0
-975	172191.0	59730.0
-974	170185.0	59514.0
-973	168407.0	59691.0
-972	169582.0	60252.0
-971	168802.0	59222.0
-970	168379.0	59569.0
-969	168577.0	59329.0
-968	167804.0	59472.0
-967	168708.0	59585.0
-966	168939.0	58440.0
-965	168705.0	58926.0
-964	166797.0	59638.0
-963	170708.0	60040.0
-962	168097.0	58958.0
-961	168518.0	59728.0
-960	169733.0	59867.0
-959	169687.0	59298.0
-958	168317.0	59778.0
-957	167985.0	57792.0
-956	166187.0	58797.0
-955	165991.0	59020.0
-954	169463.0	59251.0
-953	167698.0	59432.0
-952	166997.0	58673.0
-951	167677.0	59075.0
-950	165694.0	59832.0
-949	166358.0	58979.0
-948	168530.0	59034.0
-947	168402.0	59314.0
-946	167801.0	59778.0
-945	168606.0	60073.0
-944	169495.0	60796.0
-943	167156.0	59860.0
-942	169152.0	59867.0
-941	167868.0	60686.0
-940	166323.0	59589.0
-939	168597.0	59540.0
-938	167615.0	59223.0
-937	168723.0	59623.0
-936	171049.0	59546.0
-935	169016.0	59654.0
-934	169640.0	59560.0
-933	171763.0	59321.0
-932	171146.0	59954.0
-931	168950.0	60618.0
-930	170713.0	59427.0
-929	167983.0	60708.0
-928	171445.0	59957.0
-927	169485.0	59772.0
-926	170485.0	60670.0
-925	168054.0	59645.0
-924	170178.0	60726.0
-923	169820.0	59668.0
-922	170406.0	60316.0
-921	169703.0	60988.0
-920	169651.0	60444.0
-919	169760.0	60986.0
-918	171961.0	61244.0
-917	170003.0	60644.0
-916	168542.0	59923.0
-915	169148.0	61237.0
-914	169833.0	60800.0
-913	169611.0	59748.0
-912	170752.0	60395.0
-911	168803.0	61331.0
-910	169754.0	60026.0
-909	170279.0	61006.0
-908	169757.0	60148.0
-907	169464.0	60949.0
-906	171503.0	59405.0
-905	169606.0	60445.0
-904	169351.0	60248.0
-903	170415.0	61160.0
-902	171210.0	61316.0
-901	171313.0	61003.0
-900	171813.0	61689.0
-899	171170.0	61666.0
-898	170116.0	61043.0
-897	172369.0	61633.0
-896	170363.0	61285.0
-895	171715.0	61533.0
-894	169497.0	61945.0
-893	171826.0	61094.0
-892	172105.0	60777.0
-891	171092.0	61547.0
-890	171407.0	61910.0
-889	170537.0	61788.0
-888	175405.0	61792.0
-887	169941.0	62153.0
-886	171701.0	62696.0
-885	172892.0	62825.0
-884	174848.0	62074.0
-883	173015.0	63061.0
-882	174380.0	61938.0
-881	171502.0	62658.0
-880	170421.0	63198.0
-879	172377.0	63309.0
-878	169672.0	62336.0
-877	171247.0	62850.0
-876	171941.0	62816.0
-875	172729.0	62252.0
-874	171334.0	62659.0
-873	174722.0	62639.0
-872	171412.0	62404.0
-871	173522.0	62756.0
-870	173458.0	62117.0
-869	171391.0	63443.0
-868	171748.0	61890.0
-867	173666.0	60585.0
-866	170095.0	63401.0
-865	169983.0	62772.0
-864	171918.0	62027.0
-863	169754.0	62051.0
-862	171461.0	62735.0
-861	173631.0	61654.0
-860	172416.0	61994.0
-859	171811.0	62540.0
-858	173529.0	62649.0
-857	170802.0	62983.0
-856	172044.0	60870.0
-855	171852.0	62472.0
-854	171554.0	62472.0
-853	171876.0	62202.0
-852	172174.0	62823.0
-851	172241.0	61186.0
-850	170602.0	63239.0
-849	172573.0	61546.0
-848	171504.0	60944.0
-847	173153.0	60559.0
-846	171978.0	61224.0
-845	173399.0	61735.0
-844	171005.0	61927.0
-843	173709.0	60857.0
-842	170602.0	61695.0
-841	172375.0	61913.0
-840	170931.0	62746.0
-839	171657.0	62068.0
-838	172017.0	63047.0
-837	172628.0	62040.0
-836	171869.0	62810.0
-835	173253.0	63003.0
-834	173635.0	62646.0
-833	172223.0	61233.0
-832	171232.0	61195.0
-831	172270.0	61933.0
-830	172544.0	61561.0
-829	170982.0	62242.0
-828	172195.0	61432.0
-827	170115.0	61662.0
-826	172082.0	61276.0
-825	172896.0	61894.0
-824	170376.0	61658.0
-823	170677.0	60285.0
-822	173715.0	61792.0
-821	173079.0	62395.0
-820	172093.0	61436.0
-819	173963.0	60724.0
-818	173173.0	61228.0
-817	173309.0	61563.0
-816	173773.0	60786.0
-815	172356.0	61803.0
-814	172377.0	61820.0
-813	173568.0	61909.0
-812	172587.0	62689.0
-811	173473.0	63018.0
-810	174340.0	63073.0
-809	173550.0	62520.0
-808	175953.0	62776.0
-807	173208.0	62052.0
-806	173664.0	63446.0
-805	174301.0	63222.0
-804	174834.0	63286.0
-803	173120.0	64523.0
-802	176943.0	62419.0
-801	176830.0	64270.0
-800	173294.0	62976.0
-799	174642.0	64083.0
-798	175942.0	63351.0
-797	175076.0	63293.0
-796	175636.0	63485.0
-795	175570.0	62316.0
-794	174376.0	62710.0
-793	175397.0	63599.0
-792	176412.0	63531.0
-791	174326.0	63450.0
-790	174547.0	62868.0
-789	177572.0	63976.0
-788	173220.0	64436.0
-787	177256.0	63025.0
-786	175114.0	63832.0
-785	174318.0	64170.0
-784	176219.0	63905.0
-783	178125.0	64989.0
-782	176710.0	64864.0
-781	176366.0	65073.0
-780	177844.0	63932.0
-779	175184.0	64879.0
-778	175273.0	63342.0
-777	176686.0	62677.0
-776	173586.0	64366.0
-775	175928.0	63913.0
-774	175306.0	64091.0
-773	177189.0	63518.0
-772	174658.0	63570.0
-771	177900.0	63644.0
-770	175317.0	64944.0
-769	176149.0	63811.0
-768	178774.0	64264.0
-767	177207.0	65183.0
-766	175133.0	64539.0
-765	179209.0	64029.0
-764	178135.0	64206.0
-763	176538.0	63849.0
-762	178879.0	63267.0
-761	175960.0	65506.0
-760	176696.0	63665.0
-759	178194.0	63512.0
-758	177330.0	64722.0
-757	177201.0	64073.0
-756	177825.0	65406.0
-755	176659.0	63611.0
-754	177543.0	63878.0
-753	178947.0	64167.0
-752	177890.0	63041.0
-751	178709.0	63857.0
-750	177189.0	62732.0
-749	180008.0	64533.0
-748	177284.0	62794.0
-747	180565.0	63759.0
-746	179143.0	61933.0
-745	177204.0	61638.0
-744	180274.0	62028.0
-743	179104.0	62801.0
-742	180776.0	61492.0
-741	182699.0	62167.0
-740	178878.0	61869.0
-739	181631.0	62105.0
-738	182122.0	61234.0
-737	179397.0	62229.0
-736	181521.0	61842.0
-735	182500.0	61907.0
-734	179957.0	62239.0
-733	181603.0	61924.0
-732	182783.0	61794.0
-731	180843.0	62299.0
-730	182448.0	61182.0
-729	183355.0	61919.0
-728	180186.0	62169.0
-727	181741.0	61773.0
-726	182689.0	62052.0
-725	181157.0	61736.0
-724	180741.0	61464.0
-723	184152.0	62011.0
-722	180613.0	61924.0
-721	179599.0	60734.0
-720	182788.0	60578.0
-719	178408.0	60487.0
-718	181039.0	61495.0
-717	180641.0	61129.0
-716	179876.0	61145.0
-715	181728.0	60780.0
-714	183839.0	60585.0
-713	179365.0	60865.0
-712	182290.0	60762.0
-711	182587.0	60862.0
-710	180774.0	60764.0
-709	182646.0	59127.0
-708	183349.0	61593.0
-707	182454.0	61720.0
-706	182516.0	61984.0
-705	185294.0	61954.0
-704	184030.0	62429.0
-703	182315.0	61381.0
-702	184719.0	61720.0
-701	183622.0	61065.0
-700	183361.0	61270.0
-699	184438.0	61359.0
-698	182462.0	61218.0
-697	182173.0	62124.0
-696	184988.0	62062.0
-695	181683.0	62455.0
-694	182633.0	61894.0
-693	184795.0	62392.0
-692	182371.0	62234.0
-691	182941.0	63014.0
-690	184415.0	62258.0
-689	182685.0	61511.0
-688	182891.0	62937.0
-687	183139.0	63185.0
-686	182804.0	62107.0
-685	184197.0	62786.0
-684	185367.0	63359.0
-683	183901.0	63282.0
-682	184393.0	62096.0
-681	183405.0	63258.0
-680	180309.0	63225.0
-679	183322.0	62266.0
-678	184419.0	61781.0
-677	183948.0	64500.0
-676	183883.0	63371.0
-675	184655.0	62620.0
-674	182338.0	62744.0
-673	182918.0	61644.0
-672	183369.0	63483.0
-671	182914.0	63265.0
-670	182782.0	63743.0
-669	186775.0	62272.0
-668	183246.0	62841.0
-667	183738.0	62017.0
-666	187168.0	62152.0
-665	184797.0	63028.0
-664	182540.0	63072.0
-663	185308.0	61822.0
-662	182477.0	63421.0
-661	182913.0	62688.0
-660	183595.0	61643.0
-659	185263.0	61442.0
-658	183802.0	63560.0
-657	185225.0	62920.0
-656	185630.0	61726.0
-655	184713.0	62861.0
-654	185560.0	63572.0
-653	184382.0	62470.0
-652	182824.0	62518.0
-651	186512.0	63703.0
-650	185491.0	62822.0
-649	182292.0	63105.0
-648	185118.0	63447.0
-647	185611.0	62939.0
-646	184080.0	62708.0
-645	187739.0	62958.0
-644	185523.0	62516.0
-643	183315.0	63260.0
-642	185758.0	63202.0
-641	186516.0	62357.0
-640	185480.0	62501.0
-639	184259.0	62610.0
-638	184516.0	62462.0
-637	186421.0	61809.0
-636	188261.0	64553.0
-635	186299.0	63195.0
-634	184598.0	63755.0
-633	187394.0	63661.0
-632	186848.0	62587.0
-631	185464.0	63271.0
-630	188185.0	62318.0
-629	187790.0	62964.0
-628	187141.0	62487.0
-627	186417.0	62891.0
-626	186856.0	63544.0
-625	187069.0	64043.0
-624	189169.0	62551.0
-623	188262.0	64425.0
-622	188520.0	63022.0
-621	190267.0	62824.0
-620	188907.0	62198.0
-619	188294.0	64348.0
-618	190587.0	64317.0
-617	186973.0	63391.0
-616	187226.0	64361.0
-615	191031.0	63680.0
-614	189187.0	65811.0
-613	186313.0	64857.0
-612	189329.0	64036.0
-611	190012.0	63804.0
-610	189829.0	63173.0
-609	187896.0	63586.0
-608	188919.0	63519.0
-607	188524.0	62288.0
-606	188754.0	63117.0
-605	188651.0	63922.0
-604	186731.0	63102.0
-603	190474.0	63021.0
-602	188867.0	63890.0
-601	188454.0	63892.0
-600	188383.0	63681.0
-599	187970.0	63907.0
-598	187488.0	64416.0
-597	187480.0	64129.0
-596	187416.0	64445.0
-595	186117.0	64384.0
-594	187289.0	65487.0
-593	184011.0	66287.0
-592	187741.0	65088.0
-591	190225.0	64049.0
-590	186014.0	65479.0
-589	185960.0	65698.0
-588	187648.0	65982.0
-587	188539.0	66356.0
-586	188559.0	65988.0
-585	189726.0	66380.0
-584	186983.0	65840.0
-583	187044.0	66464.0
-582	189066.0	67181.0
-581	187705.0	67335.0
-580	188771.0	66447.0
-579	187338.0	66493.0
-578	188021.0	66393.0
-577	186418.0	66284.0
-576	188784.0	66132.0
-575	188356.0	66826.0
-574	188633.0	67211.0
-573	190579.0	66251.0
-572	187335.0	65930.0
-571	187891.0	65644.0
-570	189977.0	66572.0
-569	189352.0	66868.0
-568	189530.0	65795.0
-567	191210.0	66078.0
-566	190463.0	65688.0
-565	188189.0	67174.0
-564	191861.0	67804.0
-563	191546.0	65933.0
-562	189747.0	65827.0
-561	193430.0	66473.0
-560	191644.0	65246.0
-559	191522.0	64714.0
-558	193125.0	65710.0
-557	191794.0	63838.0
-556	191154.0	63671.0
-555	190388.0	63905.0
-554	192706.0	65231.0
-553	191737.0	63822.0
-552	192200.0	63668.0
-551	190833.0	64030.0
-550	192429.0	64294.0
-549	192203.0	63984.0
-548	192564.0	64695.0
-547	193701.0	65058.0
-546	194844.0	63777.0
-545	192821.0	63311.0
-544	192735.0	63826.0
-543	194878.0	64784.0
-542	191511.0	63645.0
-541	191014.0	64483.0
-540	193326.0	63432.0
-539	193222.0	64166.0
-538	190617.0	64067.0
-537	193583.0	64336.0
-536	191782.0	63077.0
-535	191221.0	63971.0
-534	192193.0	64327.0
-533	192771.0	62362.0
-532	191825.0	63306.0
-531	194527.0	64142.0
-530	190941.0	63377.0
-529	191130.0	64192.0
-528	194309.0	63597.0
-527	193780.0	63747.0
-526	193725.0	64155.0
-525	194606.0	63766.0
-524	192242.0	63151.0
-523	191382.0	62836.0
-522	193154.0	62711.0
-521	192513.0	63569.0
-520	190987.0	63236.0
-519	194749.0	63754.0
-518	194539.0	62702.0
-517	192654.0	62757.0
-516	192828.0	62196.0
-515	192610.0	62732.0
-514	192742.0	61837.0
-513	194741.0	61926.0
-512	194646.0	63971.0
-511	191861.0	62199.0
-510	196099.0	61220.0
-509	194598.0	63323.0
-508	193642.0	62818.0
-507	194446.0	60404.0
-506	194147.0	62744.0
-505	192903.0	62378.0
-504	195798.0	61848.0
-503	194812.0	60830.0
-502	194871.0	62697.0
-501	196856.0	60936.0
-500	196471.0	61664.0
-499	195608.0	60830.0
-498	200391.0	62760.0
-497	197887.0	61249.0
-496	195668.0	62469.0
-495	197884.0	62445.0
-494	197468.0	62887.0
-493	195555.0	62287.0
-492	200439.0	61990.0
-491	198473.0	62005.0
-490	197353.0	61440.0
-489	200605.0	61587.0
-488	197074.0	62367.0
-487	196963.0	62921.0
-486	198432.0	62242.0
-485	196116.0	62876.0
-484	198132.0	62994.0
-483	199297.0	62230.0
-482	196058.0	62551.0
-481	197213.0	62198.0
-480	200759.0	62632.0
-479	195375.0	62964.0
-478	196533.0	62311.0
-477	198156.0	62940.0
-476	195863.0	62051.0
-475	196323.0	61170.0
-474	195229.0	63767.0
-473	196321.0	60966.0
-472	195508.0	60388.0
-471	196436.0	60246.0
-470	195025.0	62628.0
-469	197465.0	61412.0
-468	196212.0	60534.0
-467	194908.0	60700.0
-466	195707.0	61541.0
-465	196217.0	61461.0
-464	195452.0	61008.0
-463	195217.0	61713.0
-462	196800.0	59564.0
-461	193701.0	60441.0
-460	195855.0	59829.0
-459	195236.0	60830.0
-458	193732.0	61027.0
-457	193973.0	60262.0
-456	197298.0	60190.0
-455	196147.0	60454.0
-454	195593.0	60696.0
-453	199798.0	59064.0
-452	197333.0	60876.0
-451	196365.0	60105.0
-450	198449.0	59377.0
-449	196418.0	60778.0
-448	195248.0	60305.0
-447	199071.0	59720.0
-446	195843.0	60234.0
-445	195370.0	60990.0
-444	197395.0	58310.0
-443	196957.0	59521.0
-442	196286.0	60576.0
-441	198144.0	58635.0
-440	194208.0	59864.0
-439	195368.0	60765.0
-438	198109.0	59822.0
-437	195762.0	59472.0
-436	195670.0	60692.0
-435	199659.0	59038.0
-434	194322.0	59733.0
-433	196622.0	58866.0
-432	197441.0	59080.0
-431	196935.0	60010.0
-430	194653.0	58707.0
-429	198440.0	58398.0
-428	196545.0	59542.0
-427	197825.0	59369.0
-426	200549.0	59098.0
-425	194429.0	60250.0
-424	198477.0	59674.0
-423	201248.0	59396.0
-422	196610.0	58897.0
-421	199392.0	58667.0
-420	201453.0	59281.0
-419	199436.0	59133.0
-418	197936.0	58642.0
-417	200481.0	59201.0
-416	199702.0	58219.0
-415	198323.0	59452.0
-414	200065.0	58431.0
-413	199431.0	58553.0
-412	199953.0	58545.0
-411	198258.0	59334.0
-410	200621.0	58763.0
-409	200804.0	58725.0
-408	203332.0	59631.0
-407	200187.0	59624.0
-406	200892.0	59133.0
-405	200478.0	59935.0
-404	198129.0	60204.0
-403	198596.0	59707.0
-402	201793.0	59881.0
-401	200754.0	59908.0
-400	198751.0	58655.0
-399	202706.0	59542.0
-398	200563.0	59503.0
-397	197998.0	59635.0
-396	200202.0	59069.0
-395	198784.0	58298.0
-394	200289.0	59361.0
-393	200278.0	57665.0
-392	199694.0	57756.0
-391	200348.0	57939.0
-390	202070.0	57407.0
-389	201674.0	57344.0
-388	199771.0	57713.0
-387	202765.0	57963.0
-386	201922.0	58490.0
-385	198190.0	59006.0
-384	201654.0	57740.0
-383	200510.0	58859.0
-382	201609.0	58564.0
-381	204461.0	58482.0
-380	202022.0	58775.0
-379	201756.0	58369.0
-378	207274.0	59607.0
-377	203109.0	58569.0
-376	202807.0	59163.0
-375	204507.0	58138.0
-374	202950.0	59034.0
-373	201140.0	58616.0
-372	204689.0	57725.0
-371	202538.0	58265.0
-370	203168.0	56754.0
-369	204504.0	57254.0
-368	202517.0	57077.0
-367	200140.0	56524.0
-366	206487.0	56117.0
-365	202912.0	55744.0
-364	202223.0	55643.0
-363	206856.0	56112.0
-362	202621.0	55737.0
-361	202191.0	56280.0
-360	203851.0	55554.0
-359	201738.0	55330.0
-358	200889.0	54817.0
-357	205247.0	54076.0
-356	204443.0	54649.0
-355	203213.0	54502.0
-354	205517.0	54083.0
-353	206159.0	54436.0
-352	204000.0	53743.0
-351	208639.0	53670.0
-350	204214.0	53405.0
-349	203558.0	53153.0
-348	206711.0	53058.0
-347	202878.0	51804.0
-346	204200.0	52269.0
-345	207475.0	51458.0
-344	206061.0	50945.0
-343	203286.0	51890.0
-342	207662.0	50402.0
-341	204007.0	50565.0
-340	205259.0	50798.0
-339	207216.0	49782.0
-338	204786.0	49681.0
-337	204748.0	49335.0
-336	205724.0	49153.0
-335	206179.0	49830.0
-334	204711.0	48409.0
-333	207675.0	49520.0
-332	204953.0	49328.0
-331	205349.0	47525.0
-330	208553.0	48326.0
-329	206144.0	49594.0
-328	205566.0	47702.0
-327	208794.0	48257.0
-326	205733.0	48580.0
-325	207204.0	47845.0
-324	209347.0	47385.0
-323	206841.0	48603.0
-322	208058.0	47274.0
-321	210123.0	47680.0
-320	208061.0	48415.0
-319	206639.0	47407.0
-318	209859.0	47066.0
-317	206942.0	47682.0
-316	207000.0	47783.0
-315	212278.0	47814.0
-314	206985.0	47936.0
-313	209445.0	47224.0
-312	211384.0	47029.0
-311	209652.0	46506.0
-310	209514.0	47096.0
-309	209834.0	47144.0
-308	208691.0	46648.0
-307	209836.0	46527.0
-306	210373.0	46967.0
-305	208571.0	46947.0
-304	210014.0	46298.0
-303	211005.0	46040.0
-302	208117.0	45854.0
-301	209755.0	46262.0
-300	213175.0	44722.0
-299	210313.0	46465.0
-298	210354.0	46480.0
-297	213572.0	46249.0
-296	209993.0	45363.0
-295	208280.0	46031.0
-294	214430.0	45031.0
-293	210122.0	46186.0
-292	207828.0	45529.0
-291	214284.0	44632.0
-290	209096.0	45890.0
-289	212124.0	44849.0
-288	214279.0	44958.0
-287	211450.0	44313.0
-286	210424.0	44964.0
-285	214226.0	44703.0
-284	213580.0	44458.0
-283	211125.0	43754.0
-282	215794.0	45142.0
-281	211009.0	44209.0
-280	210509.0	44386.0
-279	214379.0	43813.0
-278	213445.0	45413.0
-277	212487.0	45054.0
-276	215153.0	44044.0
-275	215191.0	44372.0
-274	215933.0	44610.0
-273	218405.0	43261.0
-272	215360.0	44109.0
-271	214851.0	44306.0
-270	219117.0	43990.0
-269	213445.0	44298.0
-268	214136.0	43213.0
-267	218635.0	44637.0
-266	218659.0	44768.0
-265	216791.0	44664.0
-264	220281.0	43890.0
-263	218009.0	44768.0
-262	216927.0	44520.0
-261	220267.0	44109.0
-260	217102.0	43963.0
-259	218699.0	44507.0
-258	221533.0	44343.0
-257	220746.0	43926.0
-256	218108.0	43963.0
-255	222962.0	43873.0
-254	219476.0	44409.0
-253	219158.0	43070.0
-252	223231.0	42479.0
-251	217943.0	43683.0
-250	221152.0	43525.0
-249	224136.0	42593.0
-248	221450.0	43175.0
-247	224044.0	44398.0
-246	225568.0	43944.0
-245	224281.0	43638.0
-244	222283.0	44219.0
-243	225256.0	43107.0
-242	224212.0	44169.0
-241	222588.0	43415.0
-240	225221.0	43900.0
-239	220787.0	43431.0
-238	222353.0	44555.0
-237	226893.0	44070.0
-236	224002.0	44332.0
-235	220756.0	43920.0
-234	229107.0	43354.0
-233	226650.0	44799.0
-232	225356.0	43603.0
-231	229477.0	44415.0
-230	225692.0	44120.0
-229	226752.0	44542.0
-228	230058.0	44628.0
-227	228537.0	43631.0
-226	227974.0	44085.0
-225	230546.0	45130.0
-224	227822.0	44659.0
-223	227323.0	44081.0
-222	232275.0	44157.0
-221	226593.0	44797.0
-220	228065.0	44571.0
-219	232036.0	43897.0
-218	228277.0	44043.0
-217	226840.0	43761.0
-216	231427.0	44736.0
-215	228616.0	43605.0
-214	227945.0	44439.0
-213	229937.0	43536.0
-212	230249.0	44313.0
-211	230944.0	43930.0
-210	233853.0	44029.0
-209	232386.0	45297.0
-208	231604.0	44127.0
-207	235767.0	43940.0
-206	230680.0	44568.0
-205	231863.0	44346.0
-204	234463.0	43262.0
-203	232077.0	44091.0
-202	232348.0	43997.0
-201	236310.0	44055.0
-200	232748.0	44413.0
-199	230935.0	44660.0
-198	236675.0	43488.0
-197	230640.0	45033.0
-196	234050.0	44688.0
-195	239195.0	43385.0
-194	235470.0	44776.0
-193	235703.0	44141.0
-192	240929.0	43245.0
-191	235694.0	44974.0
-190	235839.0	44145.0
-189	241223.0	43799.0
-188	238694.0	45107.0
-187	237281.0	44169.0
-186	239733.0	44269.0
-185	236360.0	44484.0
-184	237540.0	44278.0
-183	240947.0	44788.0
-182	239733.0	43818.0
-181	236961.0	44751.0
-180	240318.0	44058.0
-179	237498.0	44773.0
-178	237966.0	45177.0
-177	241619.0	44026.0
-176	237110.0	45384.0
-175	240073.0	45606.0
-174	239283.0	44286.0
-173	238138.0	44961.0
-172	240886.0	44628.0
-171	243975.0	44158.0
-170	238989.0	44101.0
-169	240594.0	43483.0
-168	244224.0	43523.0
-167	240388.0	44568.0
-166	240333.0	44211.0
-165	245482.0	44279.0
-164	241412.0	44386.0
-163	240028.0	45152.0
-162	244124.0	43831.0
-161	244092.0	44111.0
-160	243585.0	43074.0
-159	245763.0	43575.0
-158	244128.0	43403.0
-157	242008.0	43942.0
-156	247281.0	43305.0
-155	244269.0	43342.0
-154	245806.0	43489.0
-153	249722.0	44238.0
-152	244876.0	43809.0
-151	244672.0	43532.0
-150	250989.0	43823.0
-149	246060.0	43802.0
-148	247390.0	42837.0
-147	250475.0	41794.0
-146	249255.0	42103.0
-145	248338.0	42782.0
-144	252984.0	42437.0
-143	247415.0	42549.0
-142	248653.0	41980.0
-141	254119.0	42275.0
-140	250141.0	42809.0
-139	250615.0	42749.0
-138	256954.0	42113.0
-137	254961.0	42224.0
-136	253351.0	41814.0
-135	258389.0	41828.0
-134	257329.0	41975.0
-133	255532.0	40934.0
-132	258644.0	40794.0
-131	258087.0	41066.0
-130	257806.0	41410.0
-129	263358.0	39655.0
-128	258167.0	41206.0
-127	259022.0	40482.0
-126	267033.0	40033.0
-125	260135.0	41187.0
-124	263060.0	41043.0
-123	268708.0	39786.0
-122	264128.0	39940.0
-121	264103.0	39823.0
-120	268917.0	39433.0
-119	267512.0	39414.0
-118	267441.0	38875.0
-117	273728.0	39273.0
-116	268993.0	39495.0
-115	269932.0	40014.0
-114	276851.0	40027.0
-113	272318.0	40629.0
-112	271836.0	40505.0
-111	278798.0	40514.0
-110	275729.0	41108.0
-109	278283.0	41021.0
-108	280474.0	40768.0
-107	280399.0	39159.0
-106	282321.0	38918.0
-105	287503.0	38950.0
-104	281609.0	39806.0
-103	284432.0	39283.0
-102	289473.0	39401.0
-101	288502.0	38725.0
-100	288718.0	38881.0
-99	293004.0	39198.0
-98	293533.0	38657.0
-97	290863.0	38104.0
-96	297760.0	38435.0
-95	294121.0	38916.0
-94	295894.0	37881.0
-93	301441.0	37690.0
-92	298524.0	38312.0
-91	301478.0	37626.0
-90	305676.0	37396.0
-89	305658.0	37768.0
-88	307627.0	37712.0
-87	311602.0	37034.0
-86	311346.0	38055.0
-85	309734.0	37606.0
-84	320238.0	37603.0
-83	315809.0	37622.0
-82	317221.0	37658.0
-81	323551.0	37037.0
-80	321085.0	37292.0
-79	322852.0	37778.0
-78	328565.0	37561.0
-77	326786.0	38506.0
-76	325135.0	38516.0
-75	335195.0	37789.0
-74	330395.0	38415.0
-73	331100.0	38663.0
-72	341526.0	37135.0
-71	334588.0	38178.0
-70	340573.0	37998.0
-69	350249.0	37523.0
-68	344167.0	38016.0
-67	346706.0	38731.0
-66	356842.0	37517.0
-65	352407.0	38488.0
-64	359212.0	38000.0
-63	364616.0	38071.0
-62	359125.0	38736.0
-61	359792.0	38483.0
-60	370130.0	38342.0
-59	367809.0	38723.0
-58	366889.0	38306.0
-57	371204.0	37712.0
-56	371490.0	38341.0
-55	379851.0	38074.0
-54	386382.0	38282.0
-53	379989.0	38162.0
-52	382182.0	37732.0
-51	395125.0	37935.0
-50	385016.0	37846.0
-49	398340.0	38226.0
-48	405226.0	38097.0
-47	398111.0	37986.0
-46	402730.0	38218.0
-45	412486.0	37738.0
-44	414056.0	37944.0
-43	417516.0	38743.0
-42	424878.0	37952.0
-41	425428.0	37860.0
-40	431909.0	38390.0
-39	444929.0	38809.0
-38	443697.0	38850.0
-37	447995.0	39083.0
-36	464237.0	38937.0
-35	466008.0	39596.0
-34	473375.0	39424.0
-33	491587.0	38589.0
-32	489062.0	39483.0
-31	496819.0	39242.0
-30	511482.0	38863.0
-29	516088.0	39499.0
-28	518823.0	39274.0
-27	533541.0	39649.0
-26	529142.0	39321.0
-25	532357.0	39281.0
-24	548148.0	38803.0
-23	550566.0	39286.0
-22	557643.0	38811.0
-21	572649.0	37855.0
-20	573217.0	39092.0
-19	578242.0	39094.0
-18	607336.0	38844.0
-17	600666.0	38628.0
-16	600158.0	38603.0
-15	628908.0	38886.0
-14	634333.0	40208.0
-13	634755.0	39755.0
-12	659678.0	39543.0
-11	663835.0	40598.0
-10	668285.0	39707.0
-9	685203.0	40257.0
-8	694811.0	40626.0
-7	713299.0	41120.0
-6	759944.0	38889.0
-5	763073.0	40255.0
-4	812831.0	40496.0
-3	863456.0	39462.0
-2	854211.0	32158.0
-1	920210.0	53004.0
0	1770188.0	33614.0
1	977997.0	41355.0
2	908469.0	42700.0
3	916009.0	43816.0
4	858150.0	41657.0
5	808033.0	41182.0
6	806822.0	40108.0
7	761334.0	39565.0
8	737798.0	39019.0
9	731094.0	39274.0
10	718058.0	40751.0
11	716805.0	39838.0
12	703223.0	39611.0
13	683504.0	38673.0
14	678526.0	40643.0
15	672944.0	40981.0
16	649697.0	42610.0
17	650480.0	43738.0
18	657414.0	43677.0
19	634056.0	44064.0
20	623293.0	45119.0
21	618108.0	45027.0
22	609380.0	45758.0
23	600800.0	45615.0
24	599053.0	45713.0
25	582755.0	45835.0
26	577480.0	46391.0
27	587110.0	46509.0
28	573662.0	46143.0
29	564940.0	45759.0
30	564215.0	46473.0
31	556584.0	45856.0
32	543541.0	45993.0
33	546145.0	45389.0
34	525681.0	45024.0
35	519791.0	44316.0
36	520077.0	43796.0
37	509765.0	44402.0
38	501780.0	43529.0
39	498733.0	43447.0
40	491548.0	42736.0
41	479928.0	44027.0
42	490602.0	42934.0
43	475802.0	42737.0
44	463764.0	42758.0
45	475335.0	41765.0
46	456617.0	41526.0
47	453514.0	42869.0
48	463409.0	42092.0
49	446989.0	40472.0
50	443148.0	45458.0
51	454867.0	42384.0
52	437022.0	42396.0
53	437168.0	42078.0
54	448919.0	41686.0
55	433874.0	41568.0
56	428163.0	41055.0
57	432216.0	40747.0
58	421870.0	41211.0
59	419259.0	41863.0
60	425354.0	40652.0
61	413948.0	39798.0
62	410866.0	39869.0
63	413023.0	40216.0
64	402182.0	39305.0
65	405923.0	39875.0
66	410647.0	39318.0
67	400958.0	39092.0
68	399359.0	39819.0
69	404540.0	39748.0
70	396614.0	39667.0
71	392234.0	39251.0
72	398338.0	38671.0
73	387413.0	38469.0
74	383890.0	39095.0
75	393128.0	37579.0
76	383425.0	38488.0
77	376580.0	38713.0
78	390509.0	38022.0
79	374517.0	38561.0
80	373043.0	38808.0
81	382767.0	38696.0
82	374763.0	39207.0
83	369465.0	38720.0
84	376932.0	37832.0
85	364819.0	38682.0
86	363682.0	39900.0
87	370979.0	39225.0
88	362590.0	39142.0
89	359195.0	39237.0
90	362743.0	39796.0
91	356857.0	39172.0
92	356548.0	39141.0
93	358309.0	38903.0
94	350134.0	39716.0
95	351148.0	38999.0
96	356174.0	38252.0
97	347318.0	39236.0
98	345573.0	39655.0
99	353832.0	38906.0
100	341800.0	39691.0
101	341068.0	39320.0
102	349045.0	38690.0
103	338027.0	39390.0
104	339510.0	39452.0
105	341179.0	39312.0
106	336066.0	39171.0
107	336724.0	39892.0
108	335987.0	39709.0
109	329674.0	39179.0
110	330199.0	38956.0
111	334037.0	38775.0
112	327878.0	38984.0
113	325881.0	39297.0
114	334306.0	39452.0
115	323148.0	39717.0
116	325448.0	39776.0
117	330285.0	38782.0
118	321765.0	39694.0
119	320479.0	40402.0
120	324162.0	38899.0
121	318137.0	39941.0
122	317356.0	39500.0
123	324522.0	38441.0
124	316464.0	39796.0
125	317795.0	39814.0
126	323430.0	39420.0
127	314658.0	39717.0
128	315471.0	40711.0
129	315609.0	39128.0
130	310324.0	40341.0
131	309858.0	40179.0
132	316127.0	40178.0
133	312110.0	40894.0
134	309513.0	40050.0
135	312897.0	40005.0
136	309122.0	40283.0
137	305867.0	39947.0
138	313926.0	39149.0
139	306840.0	39872.0
140	303270.0	40183.0
141	309696.0	39025.0
142	302878.0	40146.0
143	307044.0	40003.0
144	306653.0	39319.0
145	304135.0	39926.0
146	302225.0	40022.0
147	307693.0	39660.0
148	300853.0	39958.0
149	301853.0	40373.0
150	303510.0	40177.0
151	300502.0	40525.0
152	300340.0	40449.0
153	302059.0	40193.0
154	296441.0	40208.0
155	294685.0	40462.0
156	303950.0	40371.0
157	299331.0	40876.0
158	296026.0	41046.0
159	301777.0	41001.0
160	296349.0	40744.0
161	295410.0	40811.0
162	302772.0	39870.0
163	296277.0	40089.0
164	296721.0	40097.0
165	303753.0	38694.0
166	296578.0	39441.0
167	296549.0	39717.0
168	300809.0	39388.0
169	293667.0	39407.0
170	293239.0	39127.0
171	298306.0	39185.0
172	292274.0	39535.0
173	292797.0	39583.0
174	296146.0	38896.0
175	290306.0	39137.0
176	289844.0	39307.0
177	296692.0	39752.0
178	293080.0	39022.0
179	288960.0	39130.0
180	292343.0	39514.0
181	286110.0	39515.0
182	285786.0	39759.0
183	292738.0	39983.0
184	284150.0	39824.0
185	287027.0	39126.0
186	290376.0	39041.0
187	283165.0	39163.0
188	288371.0	40216.0
189	288015.0	39814.0
190	282560.0	39643.0
191	285063.0	39084.0
192	285880.0	39562.0
193	284176.0	38797.0
194	283834.0	39353.0
195	284363.0	38423.0
196	277986.0	38962.0
197	281955.0	38631.0
198	283707.0	38553.0
199	280311.0	39944.0
200	277304.0	39104.0
201	282867.0	38311.0
202	275567.0	39909.0
203	278101.0	38607.0
204	282555.0	39114.0
205	278869.0	38828.0
206	277066.0	38444.0
207	281693.0	38296.0
208	280712.0	39460.0
209	280023.0	39317.0
210	280984.0	38940.0
211	278254.0	39006.0
212	277331.0	39253.0
213	286288.0	40024.0
214	275212.0	39672.0
215	274513.0	38933.0
216	277877.0	38285.0
217	277518.0	39128.0
218	273530.0	39362.0
219	277960.0	39020.0
220	271790.0	40421.0
221	270913.0	39418.0
222	279204.0	39150.0
223	274098.0	38960.0
224	274625.0	38591.0
225	278399.0	39158.0
226	269949.0	39206.0
227	270473.0	38179.0
228	275405.0	39781.0
229	274388.0	39083.0
230	274526.0	39393.0
231	277963.0	38614.0
232	270837.0	38054.0
233	272365.0	38830.0
234	276367.0	38388.0
235	273211.0	38846.0
236	271472.0	38444.0
237	275942.0	37865.0
238	274277.0	38578.0
239	270689.0	38386.0
240	275299.0	38386.0
241	272141.0	39267.0
242	273935.0	40703.0
243	275605.0	40360.0
244	269690.0	39168.0
245	272059.0	38133.0
246	269971.0	38027.0
247	270892.0	39304.0
248	271318.0	38689.0
249	273218.0	38231.0
250	269556.0	38285.0
251	265681.0	38472.0
252	270489.0	38751.0
253	266768.0	38856.0
254	270258.0	38778.0
255	273768.0	37564.0
256	266183.0	37713.0
257	268104.0	38849.0
258	274431.0	38068.0
259	267591.0	37448.0
260	267998.0	37567.0
261	273737.0	36998.0
262	267068.0	37884.0
263	265854.0	37631.0
264	274810.0	36732.0
265	267202.0	37534.0
266	268990.0	37278.0
267	273657.0	37809.0
268	269544.0	36958.0
269	266367.0	37547.0
270	268791.0	37647.0
271	267086.0	37825.0
272	270839.0	37682.0
273	268989.0	37706.0
274	265071.0	37158.0
275	266735.0	37390.0
276	269640.0	36891.0
277	263959.0	37254.0
278	266371.0	36852.0
279	268362.0	37548.0
280	262893.0	36991.0
281	263239.0	36813.0
282	266345.0	36492.0
283	264834.0	37094.0
284	262720.0	37176.0
285	268456.0	38350.0
286	262819.0	39452.0
287	264808.0	38658.0
288	268589.0	37619.0
289	263371.0	38131.0
290	263080.0	37699.0
291	264953.0	36862.0
292	264745.0	37572.0
293	264709.0	37026.0
294	267346.0	36433.0
295	264726.0	36642.0
296	263777.0	37391.0
297	265203.0	36946.0
298	262335.0	37078.0
299	260515.0	36724.0
300	268209.0	37235.0
301	264886.0	36691.0
302	262623.0	36827.0
303	268384.0	36463.0
304	261619.0	37250.0
305	265320.0	37194.0
306	262103.0	36933.0
307	262209.0	37193.0
308	261144.0	36763.0
309	266653.0	36737.0
310	263562.0	37238.0
311	262055.0	37028.0
312	265722.0	36947.0
313	261226.0	36852.0
314	259022.0	37189.0
315	263889.0	37057.0
316	259869.0	36676.0
317	260248.0	37290.0
318	262505.0	36676.0
319	257720.0	37668.0
320	259697.0	37336.0
321	261913.0	36826.0
322	262649.0	37138.0
323	262087.0	36886.0
324	264845.0	36780.0
325	259065.0	37045.0
326	259116.0	37446.0
327	262932.0	36821.0
328	259206.0	37463.0
329	260342.0	36991.0
330	263390.0	37245.0
331	258341.0	37506.0
332	257849.0	37245.0
333	260343.0	37324.0
334	258157.0	37927.0
335	255235.0	36992.0
336	261104.0	37101.0
337	257656.0	36641.0
338	254605.0	36733.0
339	258386.0	36376.0
340	253835.0	37437.0
341	254237.0	37077.0
342	256809.0	36682.0
343	258133.0	36831.0
344	257573.0	36338.0
345	256668.0	36581.0
346	254873.0	37060.0
347	255211.0	36757.0
348	256202.0	37517.0
349	250332.0	36974.0
350	253865.0	37487.0
351	256784.0	36289.0
352	252899.0	36715.0
353	251717.0	37016.0
354	253559.0	37022.0
355	254468.0	37049.0
356	254234.0	38130.0
357	253094.0	37358.0
358	253359.0	37641.0
359	251097.0	36888.0
360	255381.0	37129.0
361	252557.0	37261.0
362	248745.0	36638.0
363	254945.0	36774.0
364	251397.0	37662.0
365	253086.0	37309.0
366	255771.0	37417.0
367	253048.0	37489.0
368	252456.0	36779.0
369	255595.0	36816.0
370	247836.0	36992.0
371	253480.0	36877.0
372	256365.0	37102.0
373	253075.0	37421.0
374	250997.0	37544.0
375	256195.0	36870.0
376	253897.0	37671.0
377	253325.0	37269.0
378	253812.0	37231.0
379	253705.0	37326.0
380	252423.0	37628.0
381	255752.0	36710.0
382	253983.0	36963.0
383	255324.0	37135.0
384	262275.0	37422.0
385	259469.0	37856.0
386	257810.0	36991.0
387	261554.0	37858.0
388	254427.0	37865.0
389	254269.0	37547.0
390	257578.0	37918.0
391	253960.0	37955.0
392	254367.0	37736.0
393	255277.0	37780.0
394	252347.0	38450.0
395	252435.0	38561.0
396	252445.0	38488.0
397	251968.0	38966.0
398	250353.0	38724.0
399	257595.0	37793.0
400	254477.0	38394.0
401	251549.0	38076.0
402	254651.0	38025.0
403	249295.0	38097.0
404	249718.0	38594.0
405	254689.0	38319.0
406	251541.0	37986.0
407	248322.0	37726.0
408	251082.0	37937.0
409	247414.0	38424.0
410	249152.0	38609.0
411	251539.0	38390.0
412	246917.0	37820.0
413	246851.0	38247.0
414	251744.0	38756.0
415	248530.0	38468.0
416	246750.0	38574.0
417	254038.0	38301.0
418	250035.0	38434.0
419	247595.0	38313.0
420	252843.0	38161.0
421	253213.0	38171.0
422	246559.0	38398.0
423	254945.0	38542.0
424	248591.0	38250.0
425	244736.0	37655.0
426	251510.0	37827.0
427	246749.0	37969.0
428	246883.0	38421.0
429	247965.0	37898.0
430	248731.0	38054.0
431	247296.0	38094.0
432	251833.0	38153.0
433	246614.0	38223.0
434	248550.0	38085.0
435	249984.0	38356.0
436	246144.0	38341.0
437	247750.0	38443.0
438	248944.0	37163.0
439	243653.0	37642.0
440	246374.0	38065.0
441	248777.0	37410.0
442	248566.0	37604.0
443	245112.0	38260.0
444	248214.0	36888.0
445	247969.0	37900.0
446	245663.0	37497.0
447	249551.0	37418.0
448	248646.0	38549.0
449	246259.0	37751.0
450	249102.0	37506.0
451	245323.0	38335.0
452	249017.0	37568.0
453	252190.0	37388.0
454	244622.0	38016.0
455	244121.0	37982.0
456	245495.0	38424.0
457	243213.0	38210.0
458	243324.0	37719.0
459	247646.0	37072.0
460	243651.0	37701.0
461	243094.0	37422.0
462	246308.0	37324.0
463	244925.0	37954.0
464	239681.0	37353.0
465	249041.0	37243.0
466	240239.0	37212.0
467	242934.0	37199.0
468	242461.0	36571.0
469	241808.0	37504.0
470	241977.0	37590.0
471	244988.0	37029.0
472	241601.0	37704.0
473	243244.0	37549.0
474	243042.0	37491.0
475	241800.0	37589.0
476	241929.0	37838.0
477	243761.0	37016.0
478	244567.0	37092.0
479	238344.0	37669.0
480	243855.0	38178.0
481	243686.0	37920.0
482	237041.0	37602.0
483	243740.0	38076.0
484	239620.0	38376.0
485	240955.0	38020.0
486	245091.0	37773.0
487	242689.0	37901.0
488	240559.0	37933.0
489	245058.0	38248.0
490	241498.0	37800.0
491	239474.0	38704.0
492	244144.0	37772.0
493	243616.0	38285.0
494	243537.0	38524.0
495	241659.0	38179.0
496	242346.0	37845.0
497	243544.0	37163.0
498	242562.0	37130.0
499	240959.0	38252.0
500	240112.0	37243.0
501	243079.0	37202.0
502	239691.0	36843.0
503	240061.0	36876.0
504	244580.0	37435.0
505	240121.0	37329.0
506	242542.0	37252.0
507	241384.0	37016.0
508	243566.0	37703.0
509	238361.0	37941.0
510	241690.0	37597.0
511	239311.0	37958.0
512	240796.0	37365.0
513	241890.0	37484.0
514	240177.0	38239.0
515	235253.0	37772.0
516	242536.0	37381.0
517	240725.0	37191.0
518	241138.0	37630.0
519	238163.0	37898.0
520	238311.0	37783.0
521	236600.0	37290.0
522	243163.0	37212.0
523	240909.0	37910.0
524	236786.0	37075.0
525	240544.0	37132.0
526	236068.0	37470.0
527	236041.0	37630.0
528	237365.0	37760.0
529	237799.0	37748.0
530	237137.0	37588.0
531	243367.0	37405.0
532	234680.0	38190.0
533	237197.0	37934.0
534	242047.0	38216.0
535	241938.0	37348.0
536	238241.0	38032.0
537	239397.0	37735.0
538	237499.0	38140.0
539	237513.0	37500.0
540	242169.0	37569.0
541	241627.0	38628.0
542	239206.0	37698.0
543	238843.0	37583.0
544	236427.0	37962.0
545	236602.0	38244.0
546	236929.0	38073.0
547	234151.0	38852.0
548	235635.0	38137.0
549	238294.0	38384.0
550	236098.0	38298.0
551	233938.0	38139.0
552	238713.0	37275.0
553	233756.0	38178.0
554	235300.0	37460.0
555	238688.0	37641.0
556	235800.0	37331.0
557	232934.0	37568.0
558	237964.0	37758.0
559	236833.0	38001.0
560	236413.0	37568.0
561	237728.0	37072.0
562	236630.0	38208.0
563	234122.0	38127.0
564	235524.0	38315.0
565	234279.0	38557.0
566	233158.0	38417.0
567	237353.0	38051.0
568	231216.0	38115.0
569	234090.0	37937.0
570	237448.0	37425.0
571	232576.0	38127.0
572	235051.0	37641.0
573	237940.0	37602.0
574	235068.0	38148.0
575	235259.0	37782.0
576	235270.0	36758.0
577	234806.0	37246.0
578	237665.0	37062.0
579	239810.0	37130.0
580	233014.0	37456.0
581	233513.0	37193.0
582	235854.0	36362.0
583	233486.0	36959.0
584	234723.0	37582.0
585	234564.0	36787.0
586	229672.0	36805.0
587	232462.0	37556.0
588	236291.0	37164.0
589	233219.0	37034.0
590	232483.0	37132.0
591	231839.0	36691.0
592	231669.0	36658.0
593	233395.0	36774.0
594	235407.0	36696.0
595	233683.0	36772.0
596	234953.0	36617.0
597	235731.0	35910.0
598	238994.0	37103.0
599	234458.0	36393.0
600	235566.0	37216.0
601	233270.0	36695.0
602	232394.0	36966.0
603	235472.0	36566.0
604	234258.0	36622.0
605	234537.0	37184.0
606	235867.0	36961.0
607	231154.0	36996.0
608	234651.0	36493.0
609	237832.0	37820.0
610	236956.0	36006.0
611	234227.0	36073.0
612	233761.0	35777.0
613	234955.0	36074.0
614	234790.0	35905.0
615	239201.0	36621.0
616	235839.0	35784.0
617	231683.0	36033.0
618	235121.0	35444.0
619	234734.0	35861.0
620	234288.0	35618.0
621	235220.0	36094.0
622	234602.0	36638.0
623	235832.0	35601.0
624	236872.0	35576.0
625	236952.0	35938.0
626	232668.0	36044.0
627	237064.0	36889.0
628	235584.0	36296.0
629	232523.0	36169.0
630	236683.0	35649.0
631	230074.0	35761.0
632	233469.0	36204.0
633	231828.0	36676.0
634	231010.0	36273.0
635	228597.0	36303.0
636	231862.0	36552.0
637	230325.0	35704.0
638	229502.0	36534.0
639	233715.0	36398.0
640	230015.0	36742.0
641	229467.0	35592.0
642	229681.0	35371.0
643	227828.0	36308.0
644	226889.0	35832.0
645	229811.0	36088.0
646	227834.0	35671.0
647	229017.0	35939.0
648	229933.0	36259.0
649	227819.0	36510.0
650	228808.0	35881.0
651	232581.0	35911.0
652	230775.0	35332.0
653	227224.0	35867.0
654	230468.0	35507.0
655	227175.0	35929.0
656	226365.0	35612.0
657	230319.0	34596.0
658	228814.0	35854.0
659	229269.0	35383.0
660	231812.0	36162.0
661	231486.0	35872.0
662	228578.0	35677.0
663	231363.0	35388.0
664	228069.0	35728.0
665	227675.0	35279.0
666	227706.0	35713.0
667	226083.0	35477.0
668	226541.0	35572.0
669	228609.0	35060.0
670	229113.0	36096.0
671	225121.0	35160.0
672	226068.0	35340.0
673	227803.0	35482.0
674	227028.0	35464.0
675	227487.0	35751.0
676	228070.0	35603.0
677	224673.0	35327.0
678	227493.0	34816.0
679	226949.0	35721.0
680	227656.0	35813.0
681	229314.0	35223.0
682	227729.0	35274.0
683	225901.0	36596.0
684	227119.0	35077.0
685	225138.0	35608.0
686	227271.0	35697.0
687	228403.0	35238.0
688	227763.0	34887.0
689	226891.0	36227.0
690	231802.0	34868.0
691	225641.0	35333.0
692	226051.0	35702.0
693	225669.0	35497.0
694	225701.0	35225.0
695	228545.0	36359.0
696	226560.0	35516.0
697	227178.0	36363.0
698	226489.0	36245.0
699	225380.0	36711.0
700	227153.0	35360.0
701	226837.0	35937.0
702	224094.0	35385.0
703	224568.0	34570.0
704	226126.0	34956.0
705	226335.0	34575.0
706	226661.0	34868.0
707	225396.0	34315.0
708	229581.0	34343.0
709	225803.0	34443.0
710	224517.0	34243.0
711	226841.0	33472.0
712	225317.0	34345.0
713	224017.0	33958.0
714	226889.0	33941.0
715	227431.0	34137.0
716	226172.0	34199.0
717	229711.0	34603.0
718	224436.0	35003.0
719	224270.0	34887.0
720	228062.0	34377.0
721	223224.0	35001.0
722	222246.0	34628.0
723	225971.0	35378.0
724	222949.0	34749.0
725	224093.0	34851.0
726	227280.0	34434.0
727	224961.0	34858.0
728	224875.0	35108.0
729	223169.0	34797.0
730	223968.0	34447.0
731	223153.0	34575.0
732	223601.0	34736.0
733	222053.0	34587.0
734	221877.0	34988.0
735	223697.0	34618.0
736	220248.0	34532.0
737	221894.0	35232.0
738	222660.0	34833.0
739	224625.0	34423.0
740	218938.0	34521.0
741	221373.0	34525.0
742	220041.0	34308.0
743	218963.0	34731.0
744	221237.0	34531.0
745	216677.0	34694.0
746	218289.0	34416.0
747	222363.0	34653.0
748	219819.0	35081.0
749	218408.0	34427.0
750	217887.0	35353.0
751	217913.0	35445.0
752	217357.0	35130.0
753	220028.0	34712.0
754	218812.0	34412.0
755	218321.0	34793.0
756	218830.0	34933.0
757	218773.0	34949.0
758	218626.0	34856.0
759	216188.0	35120.0
760	215257.0	35254.0
761	215511.0	34139.0
762	221022.0	34511.0
763	216112.0	34339.0
764	218103.0	34412.0
765	217431.0	34260.0
766	217214.0	34414.0
767	215698.0	33757.0
768	217458.0	33794.0
769	214525.0	34173.0
770	214009.0	33906.0
771	220647.0	34792.0
772	219217.0	34219.0
773	215782.0	34046.0
774	217442.0	33983.0
775	218010.0	34442.0
776	217507.0	34191.0
777	219733.0	34283.0
778	214745.0	34302.0
779	217066.0	34214.0
780	215239.0	34694.0
781	217732.0	33968.0
782	216149.0	34137.0
783	217291.0	35026.0
784	218973.0	34181.0
785	219160.0	34795.0
786	216847.0	34957.0
787	215256.0	34920.0
788	214838.0	34535.0
789	216911.0	33794.0
790	217149.0	33668.0
791	215944.0	34013.0
792	218426.0	33759.0
793	219310.0	34392.0
794	217030.0	34310.0
795	215418.0	34213.0
796	218969.0	35008.0
797	217438.0	34352.0
798	221015.0	33349.0
799	217958.0	34264.0
800	217998.0	34268.0
801	222043.0	34802.0
802	222226.0	34275.0
803	220812.0	34351.0
804	224253.0	34232.0
805	218931.0	34149.0
806	220626.0	33653.0
807	222828.0	34740.0
808	220372.0	34038.0
809	219712.0	34636.0
810	219652.0	34035.0
811	217963.0	34022.0
812	218406.0	34028.0
813	219858.0	34542.0
814	217505.0	34307.0
815	218607.0	33515.0
816	218889.0	33922.0
817	215485.0	34382.0
818	214238.0	34057.0
819	217152.0	33954.0
820	218499.0	33973.0
821	214716.0	34281.0
822	218136.0	33619.0
823	216774.0	34027.0
824	212869.0	33911.0
825	216192.0	34192.0
826	212885.0	34077.0
827	214161.0	34018.0
828	216239.0	33196.0
829	212730.0	34143.0
830	214502.0	33945.0
831	214177.0	33797.0
832	214910.0	33761.0
833	214662.0	34777.0
834	214881.0	34851.0
835	214379.0	34379.0
836	212632.0	34888.0
837	215674.0	34581.0
838	218698.0	34524.0
839	216152.0	33942.0
840	212495.0	34210.0
841	213756.0	34665.0
842	217086.0	35143.0
843	212983.0	34351.0
844	215543.0	35372.0
845	211437.0	34973.0
846	211079.0	34624.0
847	211690.0	34574.0
848	214140.0	34601.0
849	213678.0	34947.0
850	211431.0	34479.0
851	211235.0	33802.0
852	212570.0	34132.0
853	215359.0	34480.0
854	211400.0	34293.0
855	212375.0	34443.0
856	212793.0	34501.0
857	212321.0	34923.0
858	214156.0	35038.0
859	214254.0	34347.0
860	212112.0	35491.0
861	215557.0	34824.0
862	213682.0	34538.0
863	214543.0	33965.0
864	215555.0	35562.0
865	215598.0	34535.0
866	213526.0	34295.0
867	212916.0	34293.0
868	213904.0	34565.0
869	212941.0	34487.0
870	213297.0	34324.0
871	208669.0	35025.0
872	210328.0	34519.0
873	213521.0	34507.0
874	215163.0	34709.0
875	210400.0	35082.0
876	211353.0	34932.0
877	212258.0	35020.0
878	210151.0	34448.0
879	208952.0	34779.0
880	210330.0	35561.0
881	212566.0	35141.0
882	211640.0	34624.0
883	211340.0	35751.0
884	209563.0	35227.0
885	212377.0	34859.0
886	211303.0	34861.0
887	212889.0	35031.0
888	211132.0	35570.0
889	210892.0	35770.0
890	212553.0	34911.0
891	211367.0	35377.0
892	211315.0	35120.0
893	211133.0	35313.0
894	211279.0	35649.0
895	213977.0	35410.0
896	212127.0	35283.0
897	211927.0	34905.0
898	209608.0	35385.0
899	211028.0	35520.0
900	210395.0	35645.0
901	209955.0	35654.0
902	209095.0	35826.0
903	209902.0	35024.0
904	208377.0	36027.0
905	208569.0	35261.0
906	211281.0	35763.0
907	211046.0	35782.0
908	208450.0	35311.0
909	209038.0	34683.0
910	207791.0	35087.0
911	207006.0	35923.0
912	207698.0	35765.0
913	208853.0	35116.0
914	206227.0	35067.0
915	208253.0	35970.0
916	205687.0	35478.0
917	207063.0	35675.0
918	210431.0	35558.0
919	206980.0	35172.0
920	208066.0	34975.0
921	207420.0	35142.0
922	207632.0	34548.0
923	209000.0	35648.0
924	209418.0	34876.0
925	207639.0	34552.0
926	206454.0	35173.0
927	205823.0	34934.0
928	205248.0	34821.0
929	207572.0	34461.0
930	208252.0	34691.0
931	206138.0	34665.0
932	206413.0	34769.0
933	209530.0	34497.0
934	208430.0	35118.0
935	206157.0	35037.0
936	208370.0	34234.0
937	206675.0	35223.0
938	206791.0	34927.0
939	207775.0	35728.0
940	206843.0	35175.0
941	205312.0	34445.0
942	208580.0	34778.0
943	205756.0	34824.0
944	206594.0	34289.0
945	206105.0	34489.0
946	204154.0	34864.0
947	204488.0	34561.0
948	204009.0	34958.0
949	208576.0	35668.0
950	203488.0	34826.0
951	203445.0	34686.0
952	205360.0	34517.0
953	205438.0	34970.0
954	205736.0	34788.0
955	203913.0	34642.0
956	203451.0	34338.0
957	205155.0	34318.0
958	203629.0	34047.0
959	203015.0	34027.0
960	204500.0	34551.0
961	202593.0	34558.0
962	201687.0	35247.0
963	202157.0	34539.0
964	204512.0	34721.0
965	200983.0	34469.0
966	202883.0	35057.0
967	204095.0	34948.0
968	202675.0	33892.0
969	203413.0	35055.0
970	202540.0	34774.0
971	202471.0	35084.0
972	202288.0	34588.0
973	203615.0	34549.0
974	202884.0	35246.0
975	202958.0	35192.0
976	201444.0	35283.0
977	201736.0	35416.0
978	200620.0	34357.0
979	198593.0	34955.0
980	202170.0	34377.0
981	205884.0	34282.0
982	205486.0	34591.0
983	203255.0	35016.0
984	205655.0	34936.0
985	204490.0	34324.0
986	201977.0	35042.0
987	203658.0	34288.0
988	206366.0	34401.0
989	197646.0	35668.0
990	202236.0	33949.0
991	201450.0	34005.0
992	200728.0	35211.0
993	204166.0	34263.0
994	203623.0	34989.0
995	200706.0	35171.0
996	201301.0	35259.0
997	201710.0	35022.0
998	202634.0	35139.0
999	200941.0	35084.0
1000	200540.0	34404.0
1001	201821.0	34863.0
1002	205298.0	34216.0
1003	202078.0	34788.0
1004	204049.0	34283.0
1005	203937.0	34791.0
1006	202574.0	34200.0
1007	200493.0	34264.0
1008	203556.0	34440.0
1009	200166.0	34215.0
1010	203604.0	34592.0
1011	201374.0	34461.0
1012	203927.0	34393.0
1013	202993.0	34177.0
1014	202886.0	34138.0
1015	202186.0	34370.0
1016	205084.0	34438.0
1017	202837.0	34360.0
1018	203413.0	34336.0
1019	200766.0	34080.0
1020	206773.0	34637.0
1021	202123.0	33976.0
1022	198203.0	34474.0
1023	200268.0	34265.0
1024	196349.0	34526.0
1025	198840.0	34645.0
1026	200254.0	34260.0
1027	198257.0	34267.0
1028	197135.0	34371.0
1029	199092.0	33920.0
1030	198556.0	34393.0
1031	198605.0	34506.0
1032	199707.0	33919.0
1033	198561.0	34382.0
1034	196722.0	34162.0
1035	197213.0	34619.0
1036	197228.0	34063.0
1037	197757.0	34349.0
1038	199264.0	34003.0
1039	198801.0	34004.0
1040	199257.0	34280.0
1041	200806.0	34774.0
1042	197535.0	34369.0
1043	198500.0	34320.0
1044	198997.0	33919.0
1045	200184.0	34225.0
1046	203499.0	34474.0
1047	201299.0	33809.0
1048	198796.0	33934.0
1049	200745.0	34086.0
1050	201103.0	33720.0
1051	203279.0	35113.0
1052	197862.0	34613.0
1053	199665.0	34597.0
1054	198994.0	34880.0
1055	197487.0	33846.0
1056	197394.0	34077.0
1057	198763.0	34580.0
1058	200700.0	34617.0
1059	202304.0	33639.0
1060	200719.0	33828.0
1061	198907.0	34366.0
1062	200505.0	33820.0
1063	200677.0	34012.0
1064	198414.0	34345.0
1065	200585.0	34824.0
1066	201446.0	34199.0
1067	199982.0	34555.0
1068	199380.0	34212.0
1069	199365.0	34037.0
1070	200113.0	34386.0
1071	199044.0	34927.0
1072	198213.0	34448.0
1073	197001.0	35142.0
1074	198194.0	35199.0
1075	197771.0	35011.0
1076	197081.0	34738.0
1077	196588.0	34211.0
1078	194837.0	34551.0
1079	195754.0	34874.0
1080	197752.0	34904.0
1081	195132.0	34834.0
1082	195385.0	34983.0
1083	195212.0	34168.0
1084	195728.0	34403.0
1085	192987.0	34296.0
1086	194377.0	33632.0
1087	193964.0	33522.0
1088	193126.0	34217.0
1089	193780.0	33708.0
1090	192532.0	33618.0
1091	194197.0	34099.0
1092	193883.0	33563.0
1093	194209.0	33949.0
1094	195712.0	34546.0
1095	196713.0	33171.0
1096	196483.0	33752.0
1097	192735.0	34261.0
1098	195784.0	33974.0
1099	194237.0	33962.0
1100	191193.0	33494.0
1101	195585.0	34097.0
1102	192460.0	33549.0
1103	195400.0	34029.0
1104	197181.0	33583.0
1105	194382.0	33768.0
1106	193837.0	33686.0
1107	196018.0	33568.0
1108	194565.0	34072.0
1109	193151.0	33617.0
1110	195028.0	33632.0
1111	195522.0	33382.0
1112	192884.0	34305.0
1113	195437.0	33778.0
1114	193090.0	33400.0
1115	192761.0	33957.0
1116	195097.0	33919.0
1117	191855.0	33893.0
1118	192656.0	33837.0
1119	196498.0	33386.0
1120	192898.0	33402.0
1121	193364.0	34022.0
1122	195043.0	33943.0
1123	193075.0	34273.0
1124	192972.0	34463.0
1125	194420.0	34882.0
1126	191974.0	34442.0
1127	195567.0	34928.0
1128	192092.0	34686.0
1129	191495.0	35468.0
1130	193266.0	35392.0
1131	192609.0	34738.0
1132	192763.0	34459.0
1133	188569.0	34438.0
1134	189840.0	33779.0
1135	190986.0	34320.0
1136	190517.0	34603.0
1137	194071.0	34725.0
1138	192590.0	35093.0
1139	190469.0	34788.0
1140	192515.0	34315.0
1141	193959.0	34440.0
1142	191333.0	35223.0
1143	191010.0	35306.0
1144	189849.0	34634.0
1145	190323.0	34264.0
1146	191453.0	34625.0
1147	193786.0	35177.0
1148	190669.0	34968.0
1149	191326.0	34722.0
1150	189898.0	35646.0
1151	192061.0	35186.0
1152	187870.0	35508.0
1153	191815.0	35634.0
1154	189615.0	35665.0
1155	189234.0	36353.0
1156	190658.0	36163.0
1157	190300.0	36047.0
1158	191090.0	35812.0
1159	190555.0	35514.0
1160	190893.0	36207.0
1161	189937.0	35146.0
1162	191491.0	35163.0
1163	187961.0	35480.0
1164	189142.0	35538.0
1165	189391.0	35081.0
1166	188419.0	34809.0
1167	188446.0	35335.0
1168	190459.0	34929.0
1169	186857.0	35027.0
1170	186176.0	34757.0
1171	185895.0	34343.0
1172	188736.0	35297.0
1173	187540.0	35072.0
1174	188002.0	34364.0
1175	189433.0	33929.0
1176	191140.0	33931.0
1177	187372.0	34183.0
1178	186918.0	34428.0
1179	185929.0	34934.0
1180	190285.0	35328.0
1181	187916.0	34574.0
1182	188361.0	34093.0
1183	188761.0	34521.0
1184	189339.0	34906.0
1185	188294.0	34965.0
1186	188312.0	35141.0
1187	187664.0	35335.0
1188	185665.0	35030.0
1189	185270.0	35058.0
1190	187111.0	34365.0
1191	188065.0	34286.0
1192	186201.0	34467.0
1193	185350.0	34177.0
1194	186470.0	34032.0
1195	190083.0	34234.0
1196	185695.0	33833.0
1197	186636.0	33821.0
1198	185545.0	33445.0
1199	183285.0	33827.0
1200	185019.0	34024.0
1201	183352.0	33011.0
1202	182867.0	32604.0
1203	187019.0	33952.0
1204	186857.0	33454.0
1205	184185.0	33564.0
1206	186914.0	33925.0
1207	186355.0	33856.0
1208	185578.0	32958.0
1209	185218.0	34191.0
1210	182521.0	32732.0
1211	185588.0	33241.0
1212	185966.0	34182.0
1213	183920.0	33193.0
1214	183151.0	33435.0
1215	185520.0	32969.0
1216	186936.0	32686.0
1217	184278.0	33348.0
1218	186330.0	33287.0
1219	186175.0	33557.0
1220	184668.0	33473.0
1221	183021.0	33409.0
1222	182829.0	34065.0
1223	182515.0	34813.0
1224	181308.0	34955.0
1225	185080.0	35848.0
1226	185415.0	35709.0
1227	183930.0	36122.0
1228	184255.0	35926.0
1229	184122.0	35405.0
1230	184175.0	35173.0
1231	183651.0	34363.0
1232	182742.0	33247.0
1233	181137.0	33806.0
1234	181314.0	34554.0
1235	181175.0	33675.0
1236	183286.0	33416.0
1237	182838.0	33727.0
1238	185537.0	33733.0
1239	184486.0	33139.0
1240	182699.0	33344.0
1241	183457.0	33275.0
1242	184114.0	32602.0
1243	183724.0	33506.0
1244	181826.0	33452.0
1245	186982.0	32470.0
1246	184002.0	33494.0
1247	185685.0	33815.0
1248	186899.0	33318.0
1249	185107.0	33610.0
1250	184197.0	33036.0
1251	185049.0	33409.0
1252	184050.0	33436.0
1253	184236.0	32807.0
1254	182725.0	33472.0
1255	184627.0	33450.0
1256	185683.0	32843.0
1257	186517.0	33371.0
1258	186578.0	32932.0
1259	182739.0	33639.0
1260	184381.0	33312.0
1261	183256.0	32941.0
1262	181986.0	33819.0
1263	180102.0	33287.0
1264	180939.0	33259.0
1265	179459.0	33805.0
1266	181238.0	33614.0
1267	182628.0	33551.0
1268	182784.0	33591.0
1269	184254.0	33870.0
1270	181947.0	33061.0
1271	183127.0	32890.0
1272	182811.0	33884.0
1273	180966.0	33195.0
1274	183055.0	33394.0
1275	184025.0	33572.0
1276	184470.0	33762.0
1277	180839.0	33213.0
1278	183745.0	33871.0
1279	182668.0	33642.0
1280	181554.0	33261.0
1281	181469.0	33132.0
1282	181390.0	32813.0
1283	179864.0	32917.0
1284	182388.0	33015.0
1285	181119.0	32420.0
1286	179252.0	32765.0
1287	184650.0	33178.0
1288	182246.0	33317.0
1289	183292.0	32302.0
1290	182883.0	32710.0
1291	179582.0	32925.0
1292	182463.0	32422.0
1293	184904.0	33038.0
1294	182677.0	32465.0
1295	181513.0	32555.0
1296	184133.0	33026.0
1297	184983.0	32898.0
1298	181762.0	32990.0
1299	182652.0	32327.0
1300	182696.0	32691.0
1301	180791.0	33559.0
1302	183267.0	32732.0
1303	182161.0	33095.0
1304	182920.0	33429.0
1305	185105.0	32472.0
1306	182662.0	33890.0
1307	181138.0	33133.0
1308	182766.0	32258.0
1309	181968.0	33445.0
1310	181841.0	32786.0
1311	182702.0	32753.0
1312	180727.0	33027.0
1313	183099.0	33059.0
1314	184956.0	33135.0
1315	182888.0	33178.0
1316	181399.0	33506.0
1317	183093.0	32396.0
1318	181906.0	33195.0
1319	180123.0	33217.0
1320	182657.0	33074.0
1321	180810.0	32569.0
1322	178131.0	33152.0
1323	177325.0	33289.0
1324	181833.0	32172.0
1325	181331.0	33536.0
1326	180639.0	32841.0
1327	180614.0	33091.0
1328	179116.0	33526.0
1329	181454.0	33910.0
1330	180866.0	33271.0
1331	177643.0	33688.0
1332	178852.0	33641.0
1333	178573.0	33190.0
1334	176904.0	33460.0
1335	178419.0	33565.0
1336	179866.0	32778.0
1337	177792.0	32968.0
1338	182878.0	33012.0
1339	180372.0	33859.0
1340	180901.0	33384.0
1341	179829.0	33528.0
1342	179619.0	33282.0
1343	176675.0	33686.0
1344	179194.0	33518.0
1345	179799.0	34086.0
1346	177375.0	33483.0
1347	174895.0	33773.0
1348	177432.0	33832.0
1349	178637.0	34045.0
1350	178703.0	33631.0
1351	178789.0	33266.0
1352	178239.0	34527.0
1353	176818.0	34068.0
1354	178322.0	33983.0
1355	176348.0	33726.0
1356	178576.0	33627.0
1357	178044.0	33682.0
1358	175841.0	35112.0
1359	175107.0	33525.0
1360	176930.0	33265.0
1361	177719.0	33739.0
1362	177812.0	33352.0
1363	174370.0	33999.0
1364	172958.0	33756.0
1365	175435.0	33484.0
1366	175012.0	33046.0
1367	175442.0	33723.0
1368	179663.0	33763.0
1369	176335.0	33212.0
1370	175639.0	33146.0
1371	177710.0	33680.0
1372	176535.0	33139.0
1373	177173.0	33011.0
1374	175381.0	33477.0
1375	175100.0	33458.0
1376	174062.0	33978.0
1377	177090.0	33251.0
1378	174191.0	33210.0
1379	176415.0	33575.0
1380	175144.0	33699.0
1381	174277.0	33981.0
1382	175207.0	33408.0
1383	176889.0	33793.0
1384	175052.0	33986.0
1385	174042.0	33012.0
1386	175243.0	32937.0
1387	173528.0	33694.0
1388	173658.0	32975.0
1389	174371.0	33443.0
1390	174476.0	33124.0
1391	173275.0	33134.0
1392	174763.0	33186.0
1393	173624.0	33302.0
1394	174885.0	32752.0
1395	175547.0	33896.0
1396	177201.0	32569.0
1397	175102.0	33102.0
1398	177735.0	33192.0
1399	178398.0	32877.0
1400	173422.0	33124.0
1401	175766.0	33010.0
1402	175226.0	33616.0
1403	175866.0	33149.0
1404	177664.0	32648.0
1405	177972.0	33578.0
1406	175276.0	32942.0
1407	178591.0	33929.0
1408	175159.0	33057.0
1409	175719.0	34444.0
1410	174466.0	34315.0
1411	175401.0	35122.0
1412	175128.0	34292.0
1413	176901.0	34480.0
1414	173969.0	33528.0
1415	175699.0	33283.0
1416	177518.0	33819.0
1417	175714.0	33253.0
1418	174594.0	32871.0
1419	175616.0	33411.0
1420	174990.0	33016.0
1421	176418.0	33242.0
1422	174504.0	33476.0
1423	177233.0	33109.0
1424	173255.0	33970.0
1425	176200.0	33364.0
1426	176134.0	33558.0
1427	174577.0	33642.0
1428	173672.0	33765.0
1429	174497.0	33591.0
1430	175711.0	33610.0
1431	175495.0	33581.0
1432	172420.0	33666.0
1433	173400.0	33725.0
1434	174006.0	33469.0
1435	175084.0	34134.0
1436	175933.0	33675.0
1437	174674.0	33701.0
1438	173878.0	33381.0
1439	170129.0	34121.0
1440	171842.0	34053.0
1441	170775.0	33111.0
1442	171914.0	33333.0
1443	168747.0	33407.0
1444	170129.0	33726.0
1445	171388.0	33433.0
1446	172365.0	33885.0
1447	171196.0	33583.0
1448	173369.0	33567.0
1449	173119.0	33269.0
1450	173186.0	34270.0
1451	171843.0	33746.0
1452	174025.0	33858.0
1453	172347.0	34444.0
1454	170890.0	34004.0
1455	172472.0	33662.0
1456	171638.0	33932.0
1457	171561.0	33897.0
1458	173535.0	34056.0
1459	171051.0	33836.0
1460	171654.0	33030.0
1461	172329.0	33878.0
1462	171774.0	33281.0
1463	172394.0	32945.0
1464	174306.0	33133.0
1465	171696.0	33962.0
1466	170192.0	33474.0
1467	171957.0	32929.0
1468	170138.0	33783.0
1469	171197.0	33021.0
1470	170752.0	33926.0
1471	172810.0	33504.0
1472	172158.0	33054.0
1473	169817.0	33935.0
1474	170991.0	32775.0
1475	169297.0	33636.0
1476	170813.0	33969.0
1477	172498.0	33903.0
1478	169226.0	33083.0
1479	171510.0	33842.0
1480	173089.0	34552.0
1481	168847.0	33683.0
1482	170809.0	33866.0
1483	172161.0	33955.0
1484	171414.0	34118.0
1485	171551.0	33459.0
1486	168335.0	34160.0
1487	169031.0	33886.0
1488	169936.0	34082.0
1489	170734.0	33692.0
1490	171285.0	33888.0
1491	172716.0	34058.0
1492	171196.0	34358.0
1493	174940.0	34519.0
1494	173778.0	34419.0
1495	170414.0	34474.0
1496	171271.0	33459.0
1497	171972.0	34202.0
1498	173019.0	34813.0
1499	171873.0	33990.0
1500	170813.0	34078.0
1501	173551.0	34025.0
1502	173205.0	34009.0
1503	172491.0	33613.0
1504	171663.0	33445.0
1505	171593.0	33882.0
1506	171973.0	33641.0
1507	169155.0	33502.0
1508	171881.0	33366.0
1509	171349.0	34362.0
1510	171593.0	33447.0
1511	171226.0	33726.0
1512	173140.0	33792.0
1513	172388.0	33921.0
1514	171757.0	33722.0
1515	170743.0	33934.0
1516	173189.0	33765.0
1517	171474.0	33119.0
1518	170627.0	34177.0
1519	170934.0	33526.0
1520	169361.0	33861.0
1521	171441.0	33378.0
1522	170984.0	33803.0
1523	169369.0	33445.0
1524	169697.0	33580.0
1525	168308.0	33208.0
1526	168423.0	32938.0
1527	169580.0	33372.0
1528	168237.0	33868.0
1529	166835.0	33004.0
1530	169889.0	33120.0
1531	168435.0	33234.0
1532	166962.0	33542.0
1533	168823.0	33334.0
1534	169930.0	33504.0
1535	167145.0	33007.0
1536	168485.0	33507.0
1537	168755.0	33146.0
1538	167716.0	33743.0
1539	170823.0	32686.0
1540	167479.0	32898.0
1541	166772.0	33679.0
1542	167796.0	33789.0
1543	169840.0	33877.0
1544	167155.0	33639.0
1545	168552.0	33339.0
1546	168252.0	33763.0
1547	169205.0	33081.0
1548	169479.0	34194.0
1549	166349.0	33576.0
1550	169652.0	34022.0
1551	171283.0	33774.0
1552	169517.0	34423.0
1553	168630.0	33625.0
1554	171103.0	33669.0
1555	169705.0	34040.0
1556	168653.0	34431.0
1557	168157.0	33849.0
1558	168890.0	33840.0
1559	167214.0	33503.0
1560	168168.0	33472.0
1561	169498.0	33430.0
1562	169850.0	33886.0
1563	169453.0	33823.0
1564	167604.0	33956.0
1565	166986.0	33256.0
1566	165649.0	33923.0
1567	168105.0	33934.0
1568	167765.0	33909.0
1569	171274.0	33621.0
1570	167405.0	35037.0
1571	167106.0	35371.0
1572	168965.0	34317.0
1573	166125.0	34578.0
1574	170473.0	33874.0
1575	170192.0	33043.0
1576	167787.0	33587.0
1577	168775.0	33340.0
1578	165815.0	33344.0
1579	168276.0	33286.0
1580	164963.0	33411.0
1581	169883.0	33418.0
1582	167794.0	33703.0
1583	167552.0	32846.0
1584	169282.0	33493.0
1585	168500.0	33417.0
1586	167202.0	33669.0
1587	167884.0	34166.0
1588	167427.0	33876.0
1589	164128.0	33934.0
1590	168028.0	33456.0
1591	169116.0	33412.0
1592	166458.0	33184.0
1593	167606.0	33027.0
1594	168475.0	34243.0
1595	167210.0	33221.0
1596	168700.0	33219.0
1597	169386.0	33609.0
1598	166830.0	33439.0
1599	168992.0	33649.0
1600	167454.0	33694.0
1601	167628.0	33055.0
1602	169297.0	33711.0
1603	166584.0	33346.0
1604	165767.0	33628.0
1605	167165.0	33423.0
1606	167534.0	33489.0
1607	165342.0	33232.0
1608	167195.0	33543.0
1609	165493.0	33591.0
1610	164487.0	33775.0
1611	168538.0	33483.0
1612	167272.0	34171.0
1613	166307.0	34260.0
1614	166308.0	33676.0
1615	164980.0	33466.0
1616	165639.0	33939.0
1617	163710.0	33924.0
1618	165854.0	34737.0
1619	164728.0	34306.0
1620	165632.0	34646.0
1621	163616.0	34423.0
1622	161758.0	34270.0
1623	162702.0	33632.0
1624	163688.0	33822.0
1625	163277.0	34531.0
1626	161999.0	34653.0
1627	163640.0	34805.0
1628	163842.0	34115.0
1629	167133.0	34681.0
1630	165576.0	33718.0
1631	161255.0	33956.0
1632	165494.0	34088.0
1633	163352.0	34562.0
1634	165751.0	34200.0
1635	165316.0	34103.0
1636	165199.0	34628.0
1637	162251.0	33937.0
1638	164914.0	33581.0
1639	164587.0	33868.0
1640	163453.0	33994.0
1641	164494.0	33648.0
1642	162678.0	34751.0
1643	164163.0	34568.0
1644	164325.0	33534.0
1645	164712.0	33549.0
1646	164543.0	33348.0
1647	163299.0	33729.0
1648	162146.0	34280.0
1649	165615.0	33795.0
1650	162849.0	34191.0
1651	160179.0	33729.0
1652	160891.0	34186.0
1653	160320.0	34721.0
1654	159736.0	34488.0
1655	158202.0	33771.0
1656	162936.0	34348.0
1657	161900.0	34709.0
1658	159134.0	34139.0
1659	162161.0	34248.0
1660	162016.0	33871.0
1661	162450.0	35352.0
1662	162878.0	33755.0
1663	160000.0	33905.0
1664	160705.0	33769.0
1665	161464.0	34283.0
1666	162632.0	34086.0
1667	162207.0	33908.0
1668	163461.0	33592.0
1669	160301.0	33760.0
1670	161722.0	33151.0
1671	162391.0	33982.0
1672	162264.0	33988.0
1673	161790.0	33673.0
1674	162290.0	33985.0
1675	160017.0	33184.0
1676	159801.0	33199.0
1677	161232.0	33121.0
1678	160153.0	33038.0
1679	160991.0	32892.0
1680	163071.0	32957.0
1681	161697.0	33455.0
1682	160133.0	32698.0
1683	160652.0	32891.0
1684	159371.0	33192.0
1685	159548.0	33266.0
1686	159488.0	34212.0
1687	158467.0	32757.0
1688	159087.0	32656.0
1689	159481.0	33279.0
1690	161503.0	32415.0
1691	160845.0	32884.0
1692	160352.0	32997.0
1693	161695.0	33759.0
1694	160273.0	33511.0
1695	159622.0	33447.0
1696	158613.0	33583.0
1697	161145.0	33958.0
1698	162204.0	33670.0
1699	160507.0	33287.0
1700	160525.0	33532.0
1701	161087.0	33816.0
1702	161522.0	33886.0
1703	160340.0	33251.0
1704	160771.0	33231.0
1705	161141.0	32900.0
1706	159599.0	33362.0
1707	161259.0	33233.0
1708	161195.0	33371.0
1709	161232.0	33346.0
1710	162117.0	32962.0
1711	159092.0	33365.0
1712	156854.0	33623.0
1713	160562.0	33108.0
1714	158209.0	33141.0
1715	158428.0	32826.0
1716	160527.0	32890.0
1717	159666.0	33595.0
1718	159947.0	33498.0
1719	159085.0	32832.0
1720	161865.0	33083.0
1721	161147.0	33824.0
1722	159940.0	33214.0
1723	158360.0	33691.0
1724	162849.0	33105.0
1725	158760.0	33248.0
1726	159088.0	33249.0
1727	159692.0	33705.0
1728	158687.0	33331.0
1729	157967.0	33856.0
1730	159039.0	33266.0
1731	158481.0	33542.0
1732	157435.0	33440.0
1733	156282.0	33396.0
1734	159593.0	33163.0
1735	158437.0	34159.0
1736	156767.0	33457.0
1737	159458.0	33668.0
1738	158616.0	33619.0
1739	156517.0	33557.0
1740	159066.0	32940.0
1741	158935.0	33016.0
1742	155536.0	33148.0
1743	157514.0	33067.0
1744	155457.0	33262.0
1745	158442.0	33358.0
1746	158121.0	32489.0
1747	156772.0	32575.0
1748	156676.0	32687.0
1749	155946.0	33431.0
1750	156437.0	32994.0
1751	155862.0	32928.0
1752	156420.0	32235.0
1753	154402.0	33185.0
1754	153819.0	33673.0
1755	158819.0	33318.0
1756	156065.0	33276.0
1757	155196.0	33038.0
1758	155021.0	33244.0
1759	154790.0	33216.0
1760	156532.0	32584.0
1761	154432.0	33017.0
1762	155183.0	33339.0
1763	155850.0	33697.0
1764	155823.0	33030.0
1765	155170.0	33128.0
1766	154977.0	33691.0
1767	156583.0	33169.0
1768	153963.0	32985.0
1769	155235.0	33835.0
1770	155029.0	33394.0
1771	152564.0	33171.0
1772	153013.0	33894.0
1773	154943.0	33328.0
1774	153949.0	33475.0
1775	153737.0	33115.0
1776	155932.0	33682.0
1777	152348.0	32889.0
1778	155657.0	33043.0
1779	153835.0	33451.0
1780	152435.0	32964.0
1781	152555.0	33621.0
1782	157060.0	33137.0
1783	153695.0	32983.0
1784	154026.0	33211.0
1785	155601.0	33571.0
1786	156340.0	33800.0
1787	154281.0	33298.0
1788	154411.0	33645.0
1789	153373.0	33273.0
1790	153468.0	33293.0
1791	156259.0	33356.0
1792	154266.0	33917.0
1793	152656.0	33983.0
1794	154663.0	34615.0
1795	153787.0	34130.0
1796	153700.0	34328.0
1797	154849.0	34005.0
1798	151756.0	33329.0
1799	152925.0	33629.0
1800	152496.0	32566.0
1801	156009.0	32921.0
1802	153520.0	32348.0
1803	153852.0	32388.0
1804	155422.0	32886.0
1805	157612.0	33257.0
1806	155200.0	33522.0
1807	155038.0	33519.0
1808	154348.0	32982.0
1809	157580.0	32726.0
1810	154262.0	33165.0
1811	156777.0	32804.0
1812	152777.0	33142.0
1813	153468.0	33541.0
1814	154566.0	33719.0
1815	156232.0	33431.0
1816	153690.0	34077.0
1817	155623.0	34164.0
1818	154137.0	33826.0
1819	152462.0	33611.0
1820	154145.0	33474.0
1821	152705.0	33145.0
1822	151315.0	33452.0
1823	151931.0	32942.0
1824	153989.0	33633.0
1825	150583.0	33430.0
1826	151045.0	33261.0
1827	153788.0	33419.0
1828	152048.0	33102.0
1829	151025.0	33248.0
1830	153330.0	32727.0
1831	150577.0	32628.0
1832	151705.0	32643.0
1833	152489.0	33183.0
1834	150089.0	33349.0
1835	151360.0	32636.0
1836	152153.0	33231.0
1837	151388.0	33248.0
1838	152064.0	33454.0
1839	152553.0	33329.0
1840	152257.0	33396.0
1841	153213.0	32503.0
1842	152834.0	32742.0
1843	152571.0	33222.0
1844	152590.0	33403.0
1845	154383.0	33029.0
1846	153548.0	33409.0
1847	152594.0	33087.0
1848	154465.0	33610.0
1849	151990.0	33218.0
1850	154241.0	33280.0
1851	154125.0	33050.0
1852	155331.0	33759.0
1853	154785.0	33361.0
1854	155042.0	33276.0
1855	154039.0	33288.0
1856	153376.0	34190.0
1857	153366.0	34199.0
1858	153752.0	33682.0
1859	152059.0	33818.0
1860	153185.0	33655.0
1861	152913.0	34400.0
1862	152470.0	33645.0
1863	153305.0	33279.0
1864	152421.0	33937.0
1865	151683.0	33375.0
1866	150601.0	33547.0
1867	154850.0	34011.0
1868	152775.0	33385.0
1869	151309.0	33245.0
1870	151382.0	33409.0
1871	151971.0	33474.0
1872	152913.0	33847.0
1873	152222.0	33969.0
1874	153160.0	33133.0
1875	151832.0	34082.0
1876	151827.0	33726.0
1877	152300.0	32999.0
1878	153080.0	33710.0
1879	150387.0	33000.0
1880	151296.0	33942.0
1881	150922.0	33293.0
1882	150635.0	33924.0
1883	151949.0	33791.0
1884	152779.0	33850.0
1885	150798.0	33617.0
1886	151961.0	34297.0
1887	151073.0	33707.0
1888	149238.0	34321.0
1889	149366.0	34014.0
1890	152094.0	33800.0
1891	150946.0	34724.0
1892	150491.0	34122.0
1893	151574.0	34287.0
1894	149130.0	33881.0
1895	151447.0	33757.0
1896	149200.0	33666.0
1897	150419.0	33669.0
1898	149717.0	34214.0
1899	150925.0	33381.0
1900	149119.0	33972.0
1901	149006.0	33794.0
1902	149710.0	33873.0
1903	150843.0	33618.0
1904	150037.0	33633.0
1905	149125.0	34464.0
1906	150240.0	33893.0
1907	150264.0	33933.0
1908	149885.0	33815.0
1909	149831.0	33836.0
1910	150756.0	33908.0
1911	151782.0	34321.0
1912	149183.0	32769.0
1913	146996.0	33568.0
1914	151218.0	33707.0
1915	149423.0	33497.0
1916	148614.0	33395.0
1917	149783.0	33577.0
1918	148686.0	33458.0
1919	148945.0	33433.0
1920	150080.0	33684.0
1921	149395.0	33306.0
1922	149399.0	33514.0
1923	151133.0	33572.0
1924	151081.0	33506.0
1925	149855.0	33975.0
1926	149005.0	33670.0
1927	149028.0	33111.0
1928	150395.0	32919.0
1929	152163.0	33207.0
1930	148211.0	32686.0
1931	148767.0	33198.0
1932	151272.0	33311.0
1933	150129.0	32975.0
1934	149224.0	33180.0
1935	147002.0	33278.0
1936	147152.0	33418.0
1937	148009.0	33344.0
1938	149893.0	33872.0
1939	149111.0	33881.0
1940	146262.0	33803.0
1941	148372.0	34044.0
1942	147840.0	34032.0
1943	148641.0	33608.0
1944	148471.0	33256.0
1945	147459.0	32870.0
1946	148223.0	33623.0
1947	146845.0	32972.0
1948	147949.0	33154.0
1949	146643.0	32862.0
1950	146822.0	33518.0
1951	146057.0	32695.0
1952	148437.0	32721.0
1953	147391.0	32931.0
1954	147219.0	33722.0
1955	148548.0	32531.0
1956	146215.0	32729.0
1957	147658.0	32784.0
1958	148732.0	32863.0
1959	147996.0	33120.0
1960	147681.0	33516.0
1961	147822.0	33127.0
1962	145842.0	32992.0
1963	146261.0	33343.0
1964	148884.0	33611.0
1965	148110.0	33013.0
1966	149431.0	33760.0
1967	147046.0	34274.0
1968	147802.0	34454.0
1969	148391.0	35545.0
1970	146243.0	36456.0
1971	147328.0	35221.0
1972	144730.0	34675.0
1973	145445.0	33562.0
1974	148180.0	33828.0
1975	146492.0	32465.0
1976	145178.0	33251.0
1977	148299.0	33784.0
1978	144633.0	33096.0
1979	145965.0	33707.0
1980	146710.0	33585.0
1981	144888.0	32856.0
1982	147558.0	33760.0
1983	145904.0	33301.0
1984	147479.0	33404.0
1985	148020.0	33390.0
1986	148239.0	33574.0
1987	146691.0	33427.0
1988	148856.0	32646.0
1989	147116.0	32875.0
1990	147724.0	33691.0
1991	148225.0	33584.0
1992	147350.0	33353.0
1993	146854.0	33701.0
1994	147149.0	33326.0
1995	147718.0	34028.0
1996	144839.0	33623.0
1997	146118.0	33294.0
1998	146453.0	33782.0
1999	144344.0	33514.0
