MEME version 4.11.0

ALPHABET= ACGT

strands: + -

Background letter frequencies
A 0.291 C 0.209 G 0.209 T 0.291 


MOTIF insv_CCAATTGG
letter-probability matrix: alength= 4 w= 8 nsites= 50 E=1e-709 
0.036	0.795	0.078	0.091
0.048	0.448	0.116	0.387
0.626	0.039	0.058	0.277
0.942	0.001	0.056	0.001
0.169	0.021	0.001	0.809
0.001	0.161	0.001	0.837
0.234	0.044	0.572	0.150
0.001	0.029	0.969	0.001


MOTIF insv_TCCAATTGGA
letter-probability matrix: alength= 4 w= 8 nsites= 50 E=1e-709 
0.001	0.001	0.001	0.997
0.036	0.795	0.078	0.091
0.048	0.448	0.116	0.387
0.626	0.039	0.058	0.277
0.942	0.001	0.056	0.001
0.169	0.021	0.001	0.809
0.001	0.161	0.001	0.837
0.234	0.044	0.572	0.150
0.001	0.029	0.969	0.001
0.997	0.001	0.001	0.001	


MOTIF insv_CCAATAAG
letter-probability matrix: alength= 4 w= 8 nsites= 50 E=1e-389
0.238	0.485	0.078	0.199
0.001	0.780	0.138	0.081
0.794	0.065	0.140	0.001
0.997	0.001	0.001	0.001
0.001	0.001	0.055	0.943
0.793	0.144	0.062	0.001
0.934	0.001	0.064	0.001
0.001	0.001	0.997	0.001

MOTIF insv_TCCAATAAGA
letter-probability matrix: alength= 4 w= 8 nsites= 50 E=1e-389
0.001	0.001	0.001	0.997
0.238	0.485	0.078	0.199
0.001	0.780	0.138	0.081
0.794	0.065	0.140	0.001
0.997	0.001	0.001	0.001
0.001	0.001	0.055	0.943
0.793	0.144	0.062	0.001
0.934	0.001	0.064	0.001
0.001	0.001	0.997	0.001
0.997	0.001	0.001	0.001


MOTIF CP190_NTGGCMACACTR
letter-probability matrix: alength= 4 w= 12 nsites= 50 E= 1e-519 
0.268	0.266	0.252	0.214
0.028	0.265	0.018	0.689
0.001	0.001	0.960	0.038
0.001	0.024	0.919	0.056
0.007	0.539	0.067	0.387
0.473	0.514	0.003	0.010
0.814	0.017	0.134	0.035
0.001	0.958	0.003	0.038
0.608	0.058	0.185	0.149
0.001	0.846	0.003	0.150
0.065	0.196	0.007	0.732
0.316	0.073	0.435	0.175



MOTIF BEAF32_WHATCGATARY
letter-probability matrix: alength= 4 w= 11 nsites= 50 E= 2.4e-011 
 0.540000  0.100000  0.060000  0.300000 
 0.340000  0.260000  0.000000  0.400000 
 1.000000  0.000000  0.000000  0.000000 
 0.000000  0.000000  0.000000  1.000000 
 0.000000  1.000000  0.000000  0.000000 
 0.000000  0.000000  1.000000  0.000000 
 1.000000  0.000000  0.000000  0.000000 
 0.000000  0.000000  0.000000  1.000000 
 1.000000  0.000000  0.000000  0.000000 
 0.380000  0.020000  0.560000  0.040000 
 0.000000  0.640000  0.140000  0.220000 
 
MOTIF GAGA_AGAGAGMGAGAG
letter-probability matrix: alength= 4 w= 12 nsites= 50 E= 5.6e-056 
 0.940000  0.000000  0.000000  0.060000 
 0.020000  0.020000  0.960000  0.000000 
 0.820000  0.180000  0.000000  0.000000 
 0.040000  0.000000  0.940000  0.020000 
 0.960000  0.000000  0.000000  0.040000 
 0.020000  0.000000  0.960000  0.020000 
 0.600000  0.240000  0.120000  0.040000 
 0.080000  0.020000  0.900000  0.000000 
 0.860000  0.060000  0.080000  0.000000 
 0.020000  0.000000  0.980000  0.000000 
 0.920000  0.060000  0.000000  0.020000 
 0.000000  0.000000  0.960000  0.040000 
 
MOTIF EBox_CAGCTGWTY
 letter-probability matrix: alength= 4 w= 9 nsites= 28 E= 1.8e+001 
 0.000000  1.000000  0.000000  0.000000 
 1.000000  0.000000  0.000000  0.000000 
 0.000000  0.000000  1.000000  0.000000 
 0.000000  1.000000  0.000000  0.000000 
 0.000000  0.000000  0.000000  1.000000 
 0.000000  0.000000  1.000000  0.000000 
 0.464286  0.000000  0.000000  0.535714 
 0.000000  0.000000  0.000000  1.000000 
 0.000000  0.321429  0.000000  0.678571 
 
MOTIF SuH_TGTGGGAA 
letter-probability matrix: alength= 4 w= 8 nsites= 365 E= 1.3e-345 
 0.000000  0.547945  0.150685  0.301370 
 0.158904  0.093151  0.747945  0.000000 
 0.000000  0.000000  0.000000  1.000000 
 0.000000  0.000000  1.000000  0.000000 
 0.208219  0.000000  0.646575  0.145205 
 0.000000  0.000000  1.000000  0.000000 
 0.991781  0.000000  0.000000  0.008219 
 0.926027  0.000000  0.073973  0.000000 

 
MOTIF Seq_CYAAAAGTATGC
letter-probability matrix: alength= 4 w= 12 nsites= 327 E= 9.6e-590 
 0.067278  0.853211  0.012232  0.067278 
 0.076453  0.406728  0.149847  0.366972 
 0.648318  0.067278  0.241590  0.042813 
 0.892966  0.042813  0.039755  0.024465 
 0.972477  0.003058  0.024465  0.000000 
 0.954128  0.006116  0.036697  0.003058 
 0.058104  0.033639  0.892966  0.015291 
 0.015291  0.048930  0.000000  0.935780 
 0.932722  0.021407  0.036697  0.009174 
 0.003058  0.003058  0.186544  0.807339 
 0.039755  0.000000  0.954128  0.006116 
 0.000000  0.966361  0.000000  0.033639  
 
MOTIF Ham_ACCRCTMBACCA
letter-probability matrix: alength= 4 w= 12 nsites= 109 E= 4.6e-136 
 0.935780  0.000000  0.000000  0.064220 
 0.027523  0.816514  0.155963  0.000000 
 0.000000  1.000000  0.000000  0.000000 
 0.477064  0.045872  0.422018  0.055046 
 0.000000  0.779817  0.000000  0.220183 
 0.000000  0.000000  0.000000  1.000000 
 0.486239  0.477064  0.036697  0.000000 
 0.000000  0.266055  0.394495  0.339450 
 0.678899  0.000000  0.321101  0.000000 
 0.018349  0.981651  0.000000  0.000000 
 0.055046  0.715596  0.027523  0.201835 
 1.000000  0.000000  0.000000  0.000000 
 
 
MOTIF Ham_CCRACTGMGCYA
letter-probability matrix: alength= 4 w= 12 nsites= 50 E= 4.5e-050 
 0.020000  0.820000  0.040000  0.120000 
 0.000000  1.000000  0.000000  0.000000 
 0.520000  0.160000  0.320000  0.000000 
 0.980000  0.000000  0.000000  0.020000 
 0.160000  0.580000  0.000000  0.260000 
 0.000000  0.140000  0.020000  0.840000 
 0.100000  0.000000  0.900000  0.000000 
 0.420000  0.560000  0.000000  0.020000 
 0.000000  0.000000  0.980000  0.020000 
 0.000000  0.980000  0.000000  0.020000 
 0.000000  0.480000  0.040000  0.480000 
 1.000000  0.000000  0.000000  0.000000 
 


MOTIF dpax2_CAGTGTKRCCRB
letter-probability matrix: alength= 4 w= 12 nsites= 299 E= 2.9e-274 
 0.110368  0.585284  0.063545  0.240803 
 0.772575  0.003344  0.187291  0.036789 
 0.030100  0.013378  0.956522  0.000000 
 0.120401  0.173913  0.043478  0.662207 
 0.026756  0.000000  0.973244  0.000000 
 0.033445  0.177258  0.010033  0.779264 
 0.036789  0.000000  0.548495  0.414716 
 0.498328  0.036789  0.464883  0.000000 
 0.033445  0.966555  0.000000  0.000000 
 0.013378  0.933110  0.000000  0.053512 
 0.602007  0.063545  0.321070  0.013378 
 0.127090  0.247492  0.307692  0.317726 
 
 